0
300
800
1500
2500
4300
7200
11000
17000
24000
33000
43000
58000
76000
100000
130000
169000
219000
283000
365000
475000
579000
705000
813000
937000
1077000
1237000
1418000
1624000
1857000
2122000
2421000
2761000
3145000
3580000
4073000
4632000
5194000
5717000
6264000
6837000
7600000
8274000
8990000
9753000
10560000
11410000
12320000
13270000
14280000
15340000
16670000
18760000
19980000
21420000
22930000
24580000
26200000
27960000
29800000
32780000
36060000
39670000
43640000
48000000
52800000
58080000
63890000
70280000
77310000
85040000
93540000
102900000
113200000
121830000
143120000
174410000
205700000
236990000
250280000
286780000
315000000
346970000
381680000
419770000
461760000
508040000
558740000
614640000
676130000
743730000
820000000
875000000
930000000
985000000
1040000000
1095000000
1150000000
1205000000
1260000000
1315000000
1370000000
1425000000
1480000000
1535000000
1590000000
1635000000
1680000000
1725000000
1770000000
1815000000
1855000000
1895000000
1935000000
1975000000
2015000000
2055000000
2095000000
2135000000
2175000000
2215000000
2250000000
2285000000
2320000000
2355000000
2390000000
2425000000
2460000000
2495000000
2530000000
2565000000
2590000000
2615000000
2640000000
2665000000
2690000000
2715000000
2740000000
2765000000
2790000000
2815000000
2830000000
2845000000
2860000000
2875000000
2890000000
2905000000
2915000000
2925000000
2935000000
2950000000
