ITEM	55401	800	1
ITEM	55402	800	1
ITEM	55403	800	1
ITEM	55404	800	1
ITEM	55405	800	1
ITEM	55406	800	1
ITEM	55407	800	1
ITEM	55408	800	1
ITEM	55409	800	1
ITEM	71015	50	1
ITEM	71016	50	1
ITEM	71017	50	1
ITEM	70050	50	1
ITEM	71109	200	1
ITEM	25041	120	1
ITEM	56001	30	1
ITEM	56002	60	1
ITEM	56003	90	1
ITEM	71035	10	1
ITEM	50263	150	1
ITEM	50264	150	1
ITEM	72720	1200	1
ITEM	72721	1200	1
ITEM	70064	90	1
ITEM	70063	90	1
ITEM	30415	120	1
ITEM	30410	130	1
ITEM	30811	130	1
ITEM	30320	300	1
ITEM	30324	300	1
ITEM	30179	35	1
ITEM	50135	500	1
ITEM	50136	500	1
ITEM	50137	800	1
ITEM	50150	800	1
ITEM	50151	850	1
ITEM	30401	900	1
ITEM	30640	175	1
ITEM	30641	175	1
ITEM	30646	175	1
ITEM	30647	175	1
ITEM	30648	175	1
ITEM	30651	175	1
ITEM	30652	175	1
ITEM	30653	175	1
GLIMMERSTONE	50926
GAYA_EXPANSION	39064
GAYA_REFRESH	39063
GLIMMERSTONE_COUNT	10
GAYA_EXPANSION_COUNT	1
GAYA_REFRESH_COUNT	1
GRADE_STONE	3
GIVE_GAYA	5
PROB_GAYA	80
COST_GAYA_YANG	50000
