Group	Dragon_Definitivo
{
	Mob	6520
	Type	drop
	1	72061	3	3000
	2	50128	2	3000
	3	50283	8	3000
	4	51645	3	3000
	5	50034	5	3000
	6	25041	5	3000
	7	25041	5	3000
	8	25041	5	3000
	9	56003	8	3000
	10	55009	2	3000
	11	30622	5	3000
	12	30622	5	3000
	13	30622	5	3000
	14	30622	5	3000
	15	30601	2	3000
	16	30601	4	3000
	17	30601	4	3000
	18	30600	2	3000
	19	30600	4	3000
	20	30600	4	3000
	21	76045	2	3000
	22	76045	4	3000
	23	76045	4	3000
	24	100500	3	3000
	25	71302	5	3000
	26	71302	5	3000
	27	71302	5	3000
	28	71302	5	3000
	29	71301	5	3000
	30	71301	5	3000
	31	71301	5	3000
	32	71301	5	3000
	33	71202	2	3000
	34	71302	5	3000
	35	71302	5	3000
	36	71302	5	3000
	37	71302	5	3000
	38	71302	5	3000
	39	71302	5	3000
	40	71302	5	3000
	41	71302	5	3000
	42	71302	5	3000
	43	71302	5	3000
	44	71302	5	3000
	45	71302	5	3000
	46	71301	5	3000
	47	71301	5	3000
	48	71301	5	3000
	49	71301	5	3000
	50	71301	5	3000
	51	71301	5	3000
	52	71301	5	3000
	53	71301	5	3000
	54	71301	5	3000
	55	71301	5	3000
	56	71301	5	3000
	57	71301	5	3000
}
Group	Segador_de_la_Muerte
{
	Mob	1093
	Type	drop
	1	30183	3	3000
	2	50253	2	3000
	3	30646	7	3000
	4	55408	1	3000
	5	50034	1	3000
	6	56002	2	3000
	7	51645	1	3000
	8	50513	10	3000
	9	25041	5	3000
	10	55009	2	3000
	11	30622	3	3000
	12	30601	3	3000
	13	30600	3	3000
	14	76045	3	3000
	15	31013	5	3000
	16	100300	2	3000
	17	71302	5	3000
	18	71302	5	3000
	19	71302	5	3000
	20	71302	5	3000
	21	71301	5	3000
	22	71301	5	3000
	23	71301	5	3000
	24	71301	5	3000
	25	71202	5	3000
	26	31013	5	3000
	27	31013	5	3000
}
Group	Azrael
{
	Mob	2598
	Type	drop
	1	30617	3	3000
	2	50266	2	3000
	3	30648	6	3000
	4	55407	1	3000
	5	51645	1	3000
	6	50034	2	3000
	7	25041	7	3000
	8	50513	10	3000
	9	56002	5	3000
	10	55009	2	3000
	11	30622	4	3000
	12	30601	4	3000
	13	30600	4	3000
	14	76045	4	3000
	15	100400	2	3000
	16	55005	3	3000
	17	71302	5	3000
	18	71302	5	3000
	19	71302	5	3000
	20	71302	5	3000
	21	71302	5	3000
	22	71302	5	3000
	23	71302	5	3000
	24	71302	5	3000
	25	71302	5	3000
	26	71301	5	3000
	27	71301	5	3000
	28	71301	5	3000
	29	71301	5	3000
	30	71301	5	3000
	31	71301	5	3000
	32	71301	5	3000
	33	71301	5	3000
	34	71202	2	3000
}
Group	Beran_Setaou
{
	Mob	2495
	Type	drop
	1	71123	2	3000
	2	71129	2	3000
	3	54700	2	3000
	4	30652	6	3000
	5	55405	1	3000
	6	51645	1	3000
	7	50034	2	3000
	8	25041	5	3000
	9	50513	10	3000
	10	56002	5	3000
	11	55009	2	3000
	12	30622	4	3000
	13	30601	4	3000
	14	30600	4	3000
	15	76045	4	3000
	16	100300	2	3000
	17	71302	5	3000
	18	71302	5	3000
	19	71302	5	3000
	20	71302	5	3000
	21	71302	5	3000
	22	71302	5	3000
	23	71302	5	3000
	24	71302	5	3000
	25	71301	5	3000
	26	71301	5	3000
	27	71301	5	3000
	28	71301	5	3000
	29	71301	5	3000
	30	71301	5	3000
	31	71301	5	3000
	32	71301	5	3000
	33	71301	5	3000
	34	71202	2	3000
	35	70031	3	3000
}
Group	Baronesa_Araña
{
	Mob	2092
	Type	drop
	1	31003	3	3000
	2	54701	2	3000
	3	30647	6	3000
	4	55402	1	3000
	5	51645	1	3000
	6	50034	2	3000
	7	25041	5	3000
	8	50513	10	3000
	9	56002	5	3000
	10	55009	2	3000
	11	30622	4	3000
	12	30601	4	3000
	13	30600	4	3000
	14	76045	4	3000
	15	100300	2	3000
	16	71302	5	3000
	17	71302	5	3000
	18	71302	5	3000
	19	71302	5	3000
	20	71302	5	3000
	21	71302	5	3000
	22	71302	5	3000
	23	71302	5	3000
	24	71301	5	3000
	25	71301	5	3000
	26	71301	5	3000
	27	71301	5	3000
	28	71301	5	3000
	29	71301	5	3000
	30	71301	5	3000
	31	71301	5	3000
	32	71202	2	3000
	33	55005	3	3000
}
Group	Arrador
{
	Mob	6091
	Type	drop
	1	70022	2	3000
	2	30625	2	3000
	3	54702	2	3000
	4	30653	6	3000
	5	55403	1	3000
	6	51645	2	3000
	7	50034	3	3000
	8	25041	10	3000
	9	50513	10	3000
	10	56003	3	3000
	11	55009	2	3000
	12	30622	6	3000
	13	30601	6	3000
	14	30600	6	3000
	15	76045	6	3000
	16	100400	2	3000
	17	55006	3	3000
	18	71302	5	3000
	19	71302	5	3000
	20	71302	5	3000
	21	71302	5	3000
	22	71302	5	3000
	23	71302	5	3000
	24	71302	5	3000
	25	71302	5	3000
	26	71302	5	3000
	27	71301	5	3000
	28	71301	5	3000
	29	71301	5	3000
	30	71301	5	3000
	31	71301	5	3000
	32	71301	5	3000
	33	71301	5	3000
	34	71301	5	3000
	35	71301	5	3000
	36	71202	2	3000
	37	30524	2	3000
}
Group	Nemere
{
	Mob	6191
	Type	drop
	1	31090	2	3000
	2	30626	2	3000
	3	54703	2	3000
	4	30651	6	3000
	5	55404	1	3000
	6	51645	2	3000
	7	50034	3	3000
	8	25041	10	3000
	9	50513	10	3000
	10	56003	3	3000
	11	55009	2	3000
	12	30622	6	3000
	13	30601	6	3000
	14	30600	6	3000
	15	76045	6	3000
	16	100400	2	3000
	17	55006	3	3000
	18	71302	5	3000
	19	71302	5	3000
	20	71302	5	3000
	21	71302	5	3000
	22	71302	5	3000
	23	71302	5	3000
	24	71302	5	3000
	25	71302	5	3000
	26	71302	5	3000
	27	71302	5	3000
	28	71302	5	3000
	29	71302	5	3000
	30	71302	5	3000
	31	71302	5	3000
	32	71302	5	3000
	33	71302	5	3000
	34	71302	5	3000
	35	71302	5	3000
	36	71302	5	3000
	37	71302	5	3000
	38	71302	5	3000
	39	71302	5	3000
	40	71302	5	3000
	41	71302	5	3000
	42	71302	5	3000
	43	71302	5	3000
	44	71302	5	3000
	45	71302	5	3000
	46	71302	5	3000
	47	71302	5	3000
	48	71302	5	3000
	49	71302	5	3000
	50	71302	5	3000
	51	71302	5	3000
	52	71302	5	3000
	53	71302	5	3000
	54	71301	5	3000
	55	71301	5	3000
	56	71301	5	3000
	57	71301	5	3000
	58	71301	5	3000
	59	71301	5	3000
	60	71301	5	3000
	61	71301	5	3000
	62	71301	5	3000
	63	71202	2	3000
	64	30525	2	3000
}
Group	Jotun
{
	Mob	6409
	Type	drop
	1	30623	3	3000
	2	30629	3	3000
	3	54704	2	3000
	4	30649	8	3000
	5	51645	3	3000
	6	50034	5	3000
	7	25041	15	3000
	8	56003	8	3000
	9	55009	2	3000
	10	30622	2	3000
	11	30622	4	3000
	12	30622	4	3000
	13	30601	2	3000
	14	30601	4	3000
	15	30601	4	3000
	16	30600	2	3000
	17	30600	4	3000
	18	30600	4	3000
	19	76045	2	3000
	20	76045	4	3000
	21	76045	4	3000
	22	100500	2	3000
	23	55007	3	3000
	24	71302	5	3000
	25	71302	5	3000
	26	71302	5	3000
	27	71302	5	3000
	28	71301	5	3000
	29	71301	5	3000
	30	71301	5	3000
	31	71301	5	3000
	32	71202	2	3000
	33	71302	5	3000
	34	71302	5	3000
	35	71302	5	3000
	36	71302	5	3000
	37	71302	5	3000
	38	71302	5	3000
	39	71302	5	3000
	40	71302	5	3000
	41	71302	5	3000
	42	71302	5	3000
	43	71302	5	3000
	44	71302	5	3000
	45	71301	5	3000
	46	71301	5	3000
	47	71301	5	3000
	48	71301	5	3000
	49	71301	5	3000
	50	71301	5	3000
	51	71301	5	3000
	52	71301	5	3000
	53	71301	5	3000
	54	71301	5	3000
	55	71301	5	3000
	56	71301	5	3000
}
Group	Hidra
{
	Mob	3965
	Type	drop
	1	31088	3	3000
	2	30624	3	3000
	3	54705	2	3000
	4	30644	8	3000
	5	55410	1	3000
	6	51645	3	3000
	7	50034	5	3000
	8	25041	15	3000
	9	56003	8	3000
	10	55009	2	3000
	11	30622	2	3000
	12	30622	4	3000
	13	30622	4	3000
	14	30601	2	3000
	15	30601	4	3000
	16	30601	4	3000
	17	30600	2	3000
	18	30600	4	3000
	19	30600	4	3000
	20	76045	2	3000
	21	76045	4	3000
	22	76045	4	3000
	23	100500	2	3000
	24	55007	3	3000
	25	71302	5	3000
	26	71302	5	3000
	27	71302	5	3000
	28	71302	5	3000
	29	71301	5	3000
	30	71301	5	3000
	31	71301	5	3000
	32	71301	5	3000
	33	71202	2	3000
	34	71302	5	3000
	35	71301	5	3000
	36	71301	5	3000
	37	71301	5	3000
	38	71302	5	3000
	39	71302	5	3000
	40	71302	5	3000
	41	71302	5	3000
	42	71302	5	3000
	43	71302	5	3000
	44	71302	5	3000
	45	71302	5	3000
	46	71302	5	3000
	47	71302	5	3000
	48	71302	5	3000
	49	71302	5	3000
	50	71302	5	3000
	51	71302	5	3000
	52	71302	5	3000
	53	71302	5	3000
	54	71302	5	3000
	55	71302	5	3000
	56	71302	5	3000
	57	71302	5	3000
}
Group	Meley_Alquimia
{	
	kill_drop	1
	Mob	20420
	Type	kill
	1	100700	3	100	3000
}
Group	Meley
{
	Mob	20420
	Type	drop
	1	30621	3	3000
	2	31059	3	3000
	3	50270	3	3000
	4	30650	2	3000
	5	30650	2	3000
	6	30650	2	3000
	7	30650	2	3000
	8	55406	1	3000
	9	51645	3	3000
	10	50034	5	3000
	11	25041	5	3000
	12	25041	5	3000
	13	25041	5	3000
	14	56003	2	3000
	15	56003	2	3000
	16	56003	2	3000
	17	56003	2	3000
	18	55009	2	3000
	19	30622	2	3000
	20	30622	4	3000
	21	30622	4	3000
	22	30601	2	3000
	23	30601	4	3000
	24	30601	4	3000
	25	30600	2	3000
	26	30600	4	3000
	27	30600	4	3000
	28	76045	2	3000
	29	76045	4	3000
	30	76045	4	3000
	31	100500	3	3000
	32	55007	3	3000
	33	71302	5	3000
	34	71302	5	3000
	35	71302	5	3000
	36	71302	5	3000
	37	71301	5	3000
	38	71301	5	3000
	39	71301	5	3000
	40	71301	5	3000
	41	71202	2	3000
	42	71302	5	3000
	43	71302	5	3000
	44	71302	5	3000
	45	71302	5	3000
	46	71302	5	3000
	47	71302	5	3000
	48	71302	5	3000
	49	71302	5	3000
	50	71302	5	3000
	51	71302	5	3000
	52	71302	5	3000
	53	71302	5	3000
	54	71302	5	3000
	55	71302	5	3000
	56	71302	5	3000
	57	71302	5	3000
	58	71302	5	3000
	59	71302	5	3000
	60	71302	5	3000
	61	71302	5	3000
}
Group	Minotauro
{
	Mob	4110
	Type	drop
	1	31033	3	3000
	2	50127	2	3000
	3	30640	3	3000
	4	56001	2	3000
	5	51645	1	3000
	6	50513	7	3000
	7	25041	3	3000
	8	55009	1	3000
	9	30622	5	3000
	10	30622	5	3000
	11	30601	3	3000
	12	30600	3	3000
	13	76045	3	3000
	14	100300	2	3000
	15	71302	5	3000
	16	71302	5	3000
	17	71302	5	3000
	18	71302	5	3000
	19	71301	5	3000
	20	71301	5	3000
	21	71301	5	3000
	22	71301	5	3000
	23	71202	2	3000
}
Group	Slime
{
	Mob	4167
	Type	drop
	1	30628	3	3000
	2	50126	2	3000
	3	30641	3	3000
	4	56001	2	3000
	5	51645	1	3000
	6	50513	7	3000
	7	25041	3	3000
	8	55009	1	3000
	9	30622	5	3000
	10	30622	5	3000
	12	30601	3	3000
	13	30600	3	3000
	14	76045	3	3000
	15	100300	2	3000
	16	71302	5	3000
	17	71302	5	3000
	18	71301	5	3000
	19	71301	5	3000
	20	71202	2	3000
}
Group	Sfinge_Kefren
{
	Level_limit	130
	Mob	20610
	Type	drop
	1	31087	4	3000
	2	30408	2	3000
	3	31011	8	3000
	4	51645	3	3000
	5	50034	5	3000
	6	25041	15	3000
	7	56003	10	3000
	8	55009	2	3000
	9	30622	15	3000
	10	30601	15	3000
	11	30600	15	3000
	12	76045	15	3000
	13	100500	5	3000
	14	71302	5	3000
	15	71302	5	3000
	16	71302	5	3000
	17	71302	5	3000
	18	71302	5	3000
	19	71302	5	3000
	20	71302	5	3000
	21	71302	5	3000
	22	71302	5	3000
	23	71302	5	3000
	24	71302	5	3000
	25	71302	5	3000
	26	71302	5	3000
	27	71302	5	3000
	28	71302	5	3000
	29	71302	5	3000
	30	71302	5	3000
	31	71302	5	3000
	32	71302	5	3000
	33	71302	5	3000
	34	71302	5	3000
	35	71302	5	3000
	36	71302	5	3000
	37	71302	5	3000
	38	71302	5	3000
	39	71302	5	3000
	40	71302	5	3000
	41	71302	5	3000
	42	71302	5	3000
	43	71302	5	3000
	44	71302	5	3000
	45	71302	5	3000
	46	71302	5	3000
	47	71302	5	3000
	48	71302	5	3000
	49	71302	5	3000
	50	71302	5	3000
	51	71302	5	3000
	52	71302	5	3000
	53	71302	5	3000
	54	71302	5	3000
	55	71302	5	3000
	56	71302	5	3000
	57	71302	5	3000
	58	71301	5	3000
	59	71301	5	3000
	60	71301	5	3000
	61	71301	5	3000
	62	71301	5	3000
	63	71301	5	3000
	64	71301	5	3000
	65	71301	5	3000
	66	71301	5	3000
	67	71301	5	3000
	68	71301	5	3000
	69	71301	5	3000
	70	71301	5	3000
	71	71301	5	3000
	72	71301	5	3000
	73	71301	5	3000
	74	71301	5	3000
	75	71301	5	3000
	76	71301	5	3000
	77	71301	5	3000
	78	71301	5	3000
	79	71301	5	3000
	80	71301	5	3000
	81	71301	5	3000
	82	71301	5	3000
	83	71301	5	3000
	84	71301	5	3000
	85	71301	5	3000
	86	71301	5	3000
	87	71301	5	3000
	88	71301	5	3000
	89	71301	5	3000
	90	71301	5	3000
	91	71301	5	3000
	92	71301	5	3000
	93	71301	5	3000
	94	71202	2	3000
}
Group	Espiritu_del_juicio
{
	Level_limit	30
	Mob	4312
	Type	drop
	1	30814	1	3000
	2	30814	1	3000
	3	56001	2	3000
	4	51645	1	3000
	5	50513	7	3000
	6	25041	3	3000
	7	55009	1	3000
	8	30622	10	3000
	9	30601	3	3000
	10	30600	3	3000
	11	76045	3	3000
	12	100300	2	3000
	13	65006	1	3000
	14	65005	1	3000
	15	65106	1	3000
	16	71302	15	3000
	17	71301	15	3000
	18	71202	2	3000
}
Group	Lobo_Alfa_Gris
{
	Mob	107
	Type	drop
	1	30027	1	7
}
Group	Lobo_Alfa_Gris_Hambriento
{
	Mob	177
	Type	drop
	1	30070	1	7
}
Group	Cung_Mok
{	
	Mob	152
	Type	drop
	1	30027	1	315
	2	30028	1	285
	3	30070	1	385
}	
Group	Jabali
{
	Mob	108
	Type	drop
	1	30004	1	3
}
Group	Jabali_Rojo
{
	Mob	109
	Type	drop
	1	30003	1	2
}
Group	Jug_Hyul
{	
	Mob	153
	Type	drop
	1	30003	1	975
	2	30004	1	200
	3	30011	1	200
}	
Group	Oso_Pardo
{
	Mob	111
	Type	drop
	1	30053	1	7
}
Group	Oso_Pardo_Hambriento
{
	Mob	181
	Type	drop
	1	30072	1	7
}
Group	Oso_Marron
{
	Mob	113
	Type	drop
	1	30010	1	7
}
Group	Oso_Marron_Hambriento
{
	Mob	183
	Type	drop
	1	30071	1	7
}

Group	Young_Ji
{	
	Mob	154
	Type	drop
	1	30071	1	315
	2	30072	1	285
	3	30010	1	385
}	
Group	Tigre
{
	Mob	114
	Type	drop
	1	30038	1	7
	2	30037	1	3
}
Group	Tigre_Blanco
{
	Mob	115
	Type	drop
	1	30023	1	7
	2	30037	1	5
}
Group	Li_An
{	
	Mob	155
	Type	drop
	1	30038	1	315
	2	30037	1	285
	3	30023	1	385
}	
Group	Lykos
{	
	Mob	191
	Type	drop
	1	12227	1	300
	2	11227	1	300
	3	53	1	135
	4	3043	1	135
	5	17023	1	35
	6	16063	1	35
	7	14043	1	35
	8	27007	20	800
	9	27008	20	800
}	
Group	Bera
{	
	Mob	192
	Type	drop
	1	12367	1	300
	2	11427	1	300
	3	1023	1	135
	4	2043	1	135
	5	17023	1	35
	6	16043	1	35
	7	14063	1	35
	8	27007	20	800
	9	27008	20	800
}	
Group	Tigris
{	
	Mob	193
	Type	drop
	1	12507	1	300
	2	11627	1	300
	3	53	1	135
	4	223	1	135
	5	17043	1	35
	6	16023	1	35
	7	14063	1	35
	8	27007	20	800
	9	27008	20	800
}	
Group	Scrofa
{	
	Mob	194
	Type	drop
	1	12647	1	300
	2	11827	1	300
	3	7043	1	135
	4	5003	1	135
	5	17063	1	35
	6	16043	1	35
	7	14023	1	35
	8	27007	20	800
	9	27008	20	800
}	
Group	Arquera_Juramento_Blanco
{
	Mob	302
	Type	drop
	1	30034	1	4
	2	30017	1	4
}
Group	Soldado_Juramento_Blanco
{
	Mob	303
	Type	drop
	1	30034	1	5
}
Group	Soldado_Juramento_Blanco_Cobarde
{
	Mob	351
	Type	drop
	1	30073	1	7
}
Group	General_Juramento_Blanco
{
	Mob	301
	Type	drop
	1	30011	1	7
}
Group	Mi_Jung
{
	Mob	391
	Type	drop
	1	30018	1	9
	2	30031	1	4
}
Group	Eun_Jung
{
	Mob	392
	Type	drop
	1	30017	1	9
	2	30031	1	2
}
Group	Se_Rang
{
	Mob	393
	Type	drop
	1	30035	1	9
	2	30018	1	8
}
Group	Jin_Hee
{
	Mob	394
	Type	drop
	1	30031	1	5
	2	30017	1	8
}
Group	Siervo_Salvaje
{
	Mob	502
	Type	drop
	1	30041	1	3
	2	30033	1	3
}
Group	Siervo_Salvaje_Fuerte
{
	Mob	552
	Type	drop
	1	30075	1	45
}
Group	Maniaco_Viento_Negro
{
	Mob	402
	Type	drop
	1	30032	1	4
	2	30074	1	3
}
Group	Joh_Hwan_Tormenta_Negra
{
	Mob	404
	Type	drop
	1	30021	1	45
}
Group	To_Su_Viento_Negro
{
	Mob	405
	Type	drop
	1	30005	1	5
	2	30030	1	45
}
Group	Pho_Hwan_Tormenta_Negra
{
	Mob	436
	Type	drop
	1	30030	1	45
}
Group	Arquero_Salvaje
{
	Mob	503
	Type	drop
	1	30052	1	8
}
Group	General_Salvaje
{
	Mob	504
	Type	drop
	1	30092	1	8
}
Group	GoPae
{	
	Mob	494
	Type	drop
	1	12247	1	300
	2	11237	1	300
	3	213	1	175
	4	3213	1	175
	5	17103	1	35
	6	16123	1	35
	7	14083	1	35
	8	27007	20	800
	9	27008	20	800
}	
Group	Mahon
{	
	Mob	491
	Type	drop
	1	12387	1	300
	2	11437	1	300
	3	1173	1	175
	4	2153	1	175
	5	17143	1	35
	6	16103	1	35
	7	14123	1	35
	8	27007	20	800
	9	27008	20	800
}	
Group	Choung
{	
	Mob	493
	Type	drop
	1	12527	1	300
	2	11637	1	300
	3	213	1	175
	4	253	1	175
	5	17083	1	35
	6	16143	1	35
	7	14103	1	35
	8	27007	20	800
	9	27008	20	800
}	
Group	Bo
{	
	Mob	492
	Type	drop
	1	12667	1	300
	2	11837	1	300
	3	5113	1	175
	4	7153	1	175
	5	17123	1	35
	6	16083	1	35
	7	14143	1	35
	8	27007	20	800
	9	27008	20	800
}	
Group	Soldado_Bestial
{	
	Mob	531
	Type	drop
	1	25040	1	100
	2	213	1	57
	3	3213	1	57
	4	1173	1	57
	5	2153	1	57
	6	253	1	57
	7	5113	1	57
	8	7153	1	57
	9	27007	20	800
	10	27008	20	800
}	
Group	Arquero_Bestial
{	
	Mob	533
	Type	drop
	1	25040	1	100
	2	213	1	57
	3	3213	1	57
	4	1173	1	57
	5	2153	1	57
	6	253	1	57
	7	5113	1	57
	8	7153	1	57
	9	27007	20	800
	10	27008	20	800
}	
Group	Maniaco_Bestial
{	
	Mob	532
	Type	drop
	1	25040	1	100
	2	213	1	57
	3	3213	1	57
	4	1173	1	57
	5	2153	1	57
	6	253	1	57
	7	5113	1	57
	8	7153	1	57
	9	27007	20	800
	10	27008	20	800
}	
Group	Especialists_Bestial
{	
	Mob	534
	Type	drop
	1	25040	1	100
	2	213	1	57
	3	3213	1	57
	4	1173	1	57
	5	2153	1	57
	6	253	1	57
	7	5113	1	57
	8	7153	1	57
	9	27007	20	800
	10	27008	20	800
}	
Group	Cria_Araña
{
	Mob	2001
	Type	drop
	1	30057	1	35
}
Group	Araña_Veneno
{
	Mob	2002
	Type	drop
	1	30056	1	8
	2	30025	1	9
}
Group	Araña_Soldado
{
	Mob	2005
	Type	drop
	1	30059	1	9
}
Group	Araña_Veneno_Roja
{
	Mob	2003
	Type	drop
	1	30058	1	8
	2	30059	1	9
}
Group	Ojo_Volador
{
	Mob	2102
	Type	drop
	1	30056	1	9
}
Group	Araña_Veneno_Letal_Mez
{
	Mob	2052
	Type	drop
	1	30025	1	8
}
Group	Hombre_Escorpio_Joven
{
	Mob	2104
	Type	drop
	1	30046	1	9
}
Group	Hombre_Escorpio_Brutal
{
	Mob	2131
	Type	drop
	1	30081	1	9
}
Group	Rey_Escorpio
{
	Mob	2103
	Type	drop
	1	30081	1	8
	2	30045	1	6
}
Group	Arquero_Escorpion
{
	Mob	2105
	Type	drop
	1	30055	1	7
}
Group	Arquero_Escorpion
{
	Mob	2132
	Type	drop
	1	30055	1	7
}
Group	Espadachin_Serpiente
{
	Mob	2133
	Type	drop
	1	30067	1	7
	2	30022	1	4
}
Group	Espadachin_Serpiente
{
	Mob	2106
	Type	drop
	1	30067	1	6
	2	30022	1	5
}
Group	Arquero_serpiente
{
	Mob	2107
	Type	drop
	1	30082	1	8
}
Group	Mono_Debil
{
	Mob	5101
	Type	drop
	1	50050	1	2
	2	50054	1	3
}
Group	General_Mono_Debil
{
	Mob	5104
	Type	drop
	1	50050	1	3
	2	50060	1	2
}
Group	Mono_Roca
{	
	Mob	5161
	Type	drop
	1	50057	1	300
	2	55010	1	13
	3	55011	1	13
	4	55012	1	13
	5	55013	1	13
	6	55015	1	13
	7	55016	1	13
	8	55017	1	13
	9	55018	1	13
	10	55019	1	13
	11	55020	1	13
	12	55021	1	13
	13	55022	1	13
	14	55023	1	13
	15	55024	1	13
	16	55025	1	13
	17	55026	1	13
	18	55027	1	13
	19	27007	20	500
	20	27008	20	500
}
Group	Mono_Normal
{
	Mob	5111
	Type	drop
	1	50050	1	2
	2	50055	1	3
}
Group	General_Mono_Normal
{
	Mob	5114
	Type	drop
	1	50050	1	3
	2	50060	1	2
}
Group	Mono_Andador
{	
	Mob	5162
	Type	drop
	1	50058	1	300
	2	55010	1	17
	3	55011	1	17
	4	55012	1	17
	5	55013	1	17
	6	55015	1	17
	7	55016	1	17
	8	55017	1	17
	9	55018	1	17
	10	55019	1	17
	11	55020	1	17
	12	55021	1	17
	13	55022	1	17
	14	55023	1	17
	15	55024	1	17
	16	55025	1	17
	17	55026	1	17
	18	55027	1	17
	19	55004	1	300
	20	27007	20	500
	21	27008	20	500
}
Group	Mono_Fuerte
{
	Mob	5121
	Type	drop
	1	50050	1	2
	2	50056	1	3
}
Group	General_Mono_Fuerte
{
	Mob	5124
	Type	drop
	1	50050	1	3
	2	50060	1	2
}
Group	Hechicero_Orco
{
	Mob	604
	Type	drop
	1	30007	1	9
}
Group	Hechicero_Orco_Elite
{
	Mob	634
	Type	drop
	1	30076	1	8
}
Group	Gran_Fanatico
{
	Mob	751
	Type	drop
	1	30008	1	9
}
Group	Fanatico_Oscuro
{
	Mob	701
	Type	drop
	1	30078	1	9
}
Group	Orco_Negro
{
	Mob	636
	Type	drop
	1	30006	1	40
}
Group	Orco_Negro_Gigante
{
	Mob	637
	Type	drop
	1	30077	1	7
}
Group	Torturador_Oscuro
{
	Mob	706
	Type	drop
	1	30047	1	40
}
Group	Torturador_Esoterico_Elite
{
	Mob	736
	Type	drop
	1	30080	1	7
}
Group	Ejecutor_Esoterico
{
	Mob	705
	Type	drop
	1	30051	1	7
}
Group	Jefe_Arahan_Esoterico
{
	Mob	704
	Type	drop
	1	30079	1	8
}
Group	Arahan_Oscuro_Soberbio
{
	Mob	732
	Type	drop
	1	30079	1	7
}
Group	Fanatico_Oscuro_Soberbio
{
	Mob	731
	Type	drop
	1	30051	1	7
}
Group	Hombre_del_Saco
{
	Mob	1303
	Type	drop
	1	30040	1	8
}
Group	Soldado_Rana_Arboricola
{
	Mob	1301
	Type	drop
	1	30060	1	9
}
Group	Lider_Rana_Arboricola
{
	Mob	1302
	Type	drop
	1	30061	1	7
}
Group	Soldado_Demonio
{
	Mob	1001
	Type	drop
	1	30015	1	40
	2	30087	1	6
}
Group	Arquero_Demonio
{
	Mob	1002
	Type	drop
	1	30016	1	6
}
Group	Chaman_Demonio_Brutal
{
	Mob	1064
	Type	drop
	1	30086	1	9
}
Group	Arquero_Demonio_Brutal
{
	Mob	1062
	Type	drop
	1	30016	1	9
	2	30087	1	8
}
Group	Soldado_Demonio_Brutal
{
	Mob	1061
	Type	drop
	1	30015	1	9
}
Group	Chaman_Demonio
{
	Mob	1004
	Type	drop
	1	30086	1	8
}
Group	Lancero_Demonio
{
	Mob	1003
	Type	drop
	1	30015	1	9
}
Group	Chaman_Demonio
{
	Mob	1064
	Type	drop
	1	30086	1	8
}
Group	Fantasma_Inmortal
{
	Mob	1070
	Type	drop
	1	30015	1	3
}
Group	Lider_Demonio_Brutal
{
	Mob	1067
	Type	drop
	1	30086	1	2
}
Group	Hombre_Plaga
{
	Mob	903
	Type	drop
	1	30083	1	8
}
Group	Hombre_Plaga_Furioso
{
	Mob	933
	Type	drop
	1	30009	1	9
}
Group	Espadachin_Plaga
{
	Mob	904
	Type	drop
	1	30039	1	8
}
Group	Lancero_Plaga_Furioso
{
	Mob	905
	Type	drop
	1	30085	1	8
}
Group	Hielo_Encantado
{
	Mob	1101
	Type	drop
	1	30048	1	9
}
Group	Hielo_Encantado_Mez
{
	Mob	1171
	Type	drop
	1	30088	1	8
}
Group	Ballena_de_Hielo_Asesina
{
	Mob	1102
	Type	drop
	1	30049	1	8
}
Group	Leon_de_Hielo
{
	Mob	1104
	Type	drop
	1	30048	1	8
}
Group	Hombre_de_Hielo_Glacial
{
	Mob	1105
	Type	drop
	1	30088	1	6
}
Group	Yeti
{
	Mob	1106
	Type	drop
	1	30014	1	9
}
Group	Yeti_Mezquino
{
	Mob	1176
	Type	drop
	1	30089	1	8
}
Group	Golem_de_Hielo
{
	Mob	1107
	Type	drop
	1	30090	1	5
	2	30050	1	40
}
Group	Golem_de_Hielo_Mezquino
{
	Mob	1177
	Type	drop
	1	30090	1	6
}
Group	Raja_de_Hielo_Infernal
{
	Mob	1131
	Type	drop
	1	30048	1	5
}
Group	Bicho_de_Hielo_Infernal
{
	Mob	1133
	Type	drop
	1	30088	1	5
}
Group	Leon_de_Hielo_Infernal
{
	Mob	1134
	Type	drop
	1	30089	1	5
	2	30014	1	3
}
Group	Yeti_Infernal
{
	Mob	1136
	Type	drop
	1	30089	1	5
	2	30014	1	3
}
Group	Golem_de_Hielo_Infernal
{
	Mob	1137
	Type	drop
	1	30090	1	5
}
Group	Ballena_de_Hielo_Infernal
{
	Mob	1132
	Type	drop
	1	30049	1	5
}
Group	Tocon_Fantasma
{
	Mob	2302
	Type	drop
	1	30192	1	3
}
Group	Tocon_Fantasma_Rojo
{
	Mob	2312
	Type	drop
	1	30192	1	5
}
Group	Siervo_Tigre_Luchador
{
	Mob	2201
	Type	drop
	1	30042	1	5
}
Group	Llama
{
	Mob	2204
	Type	drop
	1	30019	1	6
}
Group	Guerrero_llama
{
	Mob	2205
	Type	drop
	1	30091	1	3
}
Group	Golem_de_Piedra
{
	Mob	1501
	Type	drop
	1	30195	1	2
}
Group	Golem_de_Piedra
{
	Mob	1502
	Type	drop
	1	30195	1	2
}
Group	Golem_de_Piedra_Gigante
{
	Mob	1503
	Type	drop
	1	30195	1	8
}
Group	Luchador_Setaou
{
	Mob	2401
	Type	drop
}
Group	Guerrero_En_Tai
{
	Mob	6401
	Type	drop
	1	30611	1	1
	2	30610	1	1
}
Group	Luchador_En_Tai
{
	Mob	6403
	Type	drop
	1	30611	1	3
	2	30610	1	1
	3	30612	1	1
}
Group	Druida_En_Tai
{
	Mob	6404
	Type	drop
	1	30612	1	1
}
Group	Curandero_En_Tai
{
	Mob	6408
	Type	drop
	1	30612	1	3
	2	30610	1	1
}
Group	Cara_Hueso
{	
	Mob	3590
	Type	drop
	1	30616	1	500
	2	30518	5	500
	3	30622	4	300
	4	30601	4	300
	5	30600	4	300
	6	25041	1	300
	7	56003	1	300
}	
Group	Rakshasa
{	
	Mob	3290
	Type	drop
	1	30616	1	500
	2	30519	5	500
	3	30622	4	300
	4	30601	4	300
	5	30600	4	300
	6	25041	1	300
	7	56003	1	300
}	
Group	General_Rojo
{	
	Mob	3591
	Type	drop
	1	30616	1	500
	2	30519	5	500
	3	30622	4	300
	4	30601	4	300
	5	30600	4	300
	6	25041	1	300
	7	56003	1	300
}	
Group	General_Kappa
{	
	Mob	3490
	Type	drop
	1	30616	1	500
	2	30520	5	500
	3	30622	4	300
	4	30601	4	300
	5	30600	4	300
	6	25041	1	300
	7	56003	1	300
}	
Group	General_Langosta
{	
	Mob	3690
	Type	drop
	1	30616	1	500
	2	30521	5	500
	3	30622	4	300
	4	30601	4	300
	5	30600	4	300
	6	25041	1	300
	7	56003	1	300
}	
Group	General_Rojo_Brutal
{	
	Mob	3596
	Type	drop
	1	30616	1	500
	2	30522	5	500
	3	30622	4	300
	4	30601	4	300
	5	30600	4	300
	6	25041	1	300
	7	56003	1	300
}	
Group	Rey_Wubba
{	
	Mob	3791
	Type	drop
	1	30616	1	500
	2	30602	5	300
	3	30603	5	300
	4	30604	5	300
	5	30614	5	300
	6	30615	5	300
	7	30622	4	300
	8	30601	4	300
	9	30600	4	300
	10	25041	1	300
	11	56003	1	300
	12	30178	2	500
}	
Group	Arges
{	
	Mob	3190
	Type	drop
	1	30616	1	500
	2	30523	5	500
	3	30622	4	300
	4	30601	4	300
	5	30600	4	300
	6	25041	1	300
	7	56003	1	300
}	
Group	Cara_Hueso_Brutal
{	
	Mob	3595
	Type	drop
	1	30616	1	500
	2	30518	5	500
	3	30622	4	300
	4	30601	4	300
	5	30600	4	300
	6	25041	1	300
	7	56003	1	300
}	
Group	Skeletos
{	
	Mob	3910
	Type	drop
	1	30616	1	500
	2	30522	5	500
	3	30622	4	300
	4	30601	4	300
	5	30600	4	300
	6	25041	1	300
	7	56003	1	300
}	
Group	Capitan_Shrack
{	
	Mob	3890
	Type	drop
	1	30616	1	500
	2	30520	5	500
	3	30622	4	300
	4	30601	4	300
	5	30600	4	300
	6	25041	1	300
	7	56003	1	300
}	
Group	Martyaxwar
{	
	Mob	3291
	Type	drop
	1	30616	1	500
	2	30521	5	500
	3	30622	4	300
	4	30601	4	300
	5	30600	4	300
	6	25041	1	300
	7	56003	1	300
}	
Group	Cangrejo_Rey
{	
	Mob	3691
	Type	drop
	1	30616	1	500
	2	30523	5	500
	3	30622	4	300
	4	30601	4	300
	5	30600	4	300
	6	25041	1	300
	7	56003	1	300
}	
Group	Gargola
{	
	Mob	3790
	Type	drop
	1	30616	1	500
	2	30520	5	500
	3	30622	4	300
	4	30601	4	300
	5	30600	4	300
	6	25041	1	300
	7	56003	1	300
}	
Group	Señor_Gnoll
{	
	Mob	3090
	Type	drop
	1	30616	1	500
	2	30521	5	500
	3	30622	4	300
	4	30601	4	300
	5	30600	4	300
	6	25041	1	300
	7	56003	1	300
}	
Group	Triton
{	
	Mob	3491
	Type	drop
	1	30616	1	500
	2	30521	5	500
	3	30622	4	300
	4	30601	4	300
	5	30600	4	300
	6	25041	1	300
	7	56003	1	300
}	
Group	Polyphemos
{	
	Mob	3191
	Type	drop
	1	30616	1	500
	2	30519	5	500
	3	30622	4	300
	4	30601	4	300
	5	30600	4	300
	6	25041	1	300
	7	56003	1	300
}	
Group	Principe_Lemmur
{	
	Mob	3390
	Type	drop
	1	30616	1	500
	2	30521	5	500
	3	30622	4	300
	4	30601	4	300
	5	30600	4	300
	6	25041	1	300
	7	56003	1	300
}	
Group	Supremo_Lemmur
{	
	Mob	3391
	Type	drop
	1	30616	1	500
	2	30602	5	300
	3	30603	5	300
	4	30604	5	300
	5	30614	5	300
	6	30615	5	300
	7	30622	4	300
	8	30601	4	300
	9	30600	4	300
	10	25041	1	300
	11	56003	1	300
	12	30178	2	500
}	
Group	Guardian_del_Anglar
{	
	Mob	3091
	Type	drop
	1	30616	1	500
	2	30602	5	300
	3	30603	5	300
	4	30604	5	300
	5	30614	5	300
	6	30615	5	300
	7	30622	4	300
	8	30601	4	300
	9	30600	4	300
	10	25041	1	300
	11	56003	1	300
	12	30178	2	500
}	
Group	Metin_Dolor
{	
	Mob	8001
	Type	drop
	1	19	1	10
	2	3009	1	10
	3	1009	1	10
	4	2009	1	10
	5	29	1	10
	6	5009	1	10
	7	7009	1	10
	8	11209	1	10
	9	11409	1	10
	10	11609	1	10
	11	11809	1	10
	12	51001	1	300
	13	71001	1	1000
	14	71094	1	1000
	15	71084	5	335
	16	71085	3	335
	17	51001	1	535
	18	27987	1	1000
	19	50037	2	100
	20	15009	1	100
	21	50926	3	335
	22	70035	2	1
	23	25040	1	500
	24	50300	1	500
	25	80008	1	1000
	26	70102	1	1000
}
Group	Metin_Combate
{	
	Mob	8002
	Type	drop
	1	29	1	10
	2	3019	1	10
	3	4009	1	10
	4	2019	1	10
	5	39	1	10
	6	5009	1	10
	7	7019	1	10
	8	11219	1	10
	9	11419	1	10
	10	11619	1	10
	11	11819	1	10
	12	51001	1	300
	13	71001	1	1000
	14	71094	1	1000
	15	71084	10	335
	16	71085	3	335
	17	51001	1	535
	18	27987	1	900
	19	50037	2	100
	20	15029	1	40
	21	50926	3	335
	22	70035	2	1
	23	25040	1	500
	24	50300	1	500
	25	80008	1	1000
	26	70102	1	1000
}	
Group	Metin_Batalla
{	
	Mob	8003
	Type	drop
	1	39	1	10
	2	3029	1	10
	3	1019	1	10
	4	2029	1	10
	5	49	1	10
	6	5009	1	10
	7	7029	1	10
	8	11219	1	10
	9	11419	1	10
	10	11619	1	10
	11	11819	1	10
	12	51001	1	300
	13	71001	1	1000
	14	71094	1	1000
	15	71084	15	335
	16	71085	3	335
	17	51001	2	535
	18	27987	1	900
	19	50037	2	100
	20	15049	1	50
	21	50926	3	335
	22	70035	2	1
	23	25040	1	500
	24	50300	1	500
	25	80008	1	1000
	26	70102	1	1000
}	
Group	Metin_Avaricia
{	
	Mob	8004
	Type	drop
	1	49	1	10
	2	3039	1	10
	3	4019	1	10
	4	2039	1	10
	5	49	1	10
	6	5019	1	10
	7	7039	1	10
	8	11229	1	10
	9	11429	1	10
	10	11629	1	10
	11	11829	1	10
	12	51001	1	300
	13	71001	1	1000
	14	71094	1	1000
	15	71084	20	335
	16	71085	3	335
	17	51001	2	535
	18	27987	2	900
	19	50037	2	100
	20	13199	1	40
	21	15069	1	40
	22	50926	3	335
	23	50926	3	335
	24	70035	2	1
	25	25040	1	500
	26	50300	1	500
	27	80008	1	1000
	28	70102	1	1000
}	
Group	Metin_Negro
{	
	Mob	8005
	Type	drop
	1	59	1	10
	2	3049	1	10
	3	1029	1	10
	4	2049	1	10
	5	69	1	10
	6	5029	1	10
	7	7049	1	10
	8	11229	1	10
	9	11429	1	10
	10	11629	1	10
	11	11829	1	10
	12	51001	1	300
	13	71001	1	1000
	14	71094	1	1000
	15	71084	25	335
	16	71085	3	335
	17	51001	5	535
	18	27987	2	900
	19	50037	2	100
	20	13199	1	20
	21	17067	1	30
	22	17087	1	30
	23	17107	1	30
	24	16067	1	30
	25	16087	1	30
	26	16107	1	30
	27	14067	1	30
	28	14087	1	30
	29	14107	1	30
	30	12228	1	30
	31	12368	1	30
	32	12508	1	30
	33	12648	1	30
	34	15087	1	20
	35	50926	3	335
	36	70035	2	1
	37	25040	1	500
	38	50300	1	500
	39	80008	1	1000
	40	70102	1	1000
}	
Group	Metin_Oscuridad
{	
	Mob	8006
	Type	drop
	1	69	1	10
	2	3059	1	10
	3	4029	1	10
	4	2059	1	10
	5	269	1	10
	6	5059	1	10
	7	7049	1	10
	8	11239	1	10
	9	11439	1	10
	10	11639	1	10
	11	11839	1	10
	12	51001	1	300
	13	71001	1	1000
	14	71094	1	1000
	15	71084	30	335
	16	71085	3	335
	17	51001	18	535
	18	27987	3	900
	19	50037	2	100
	20	13199	1	20
	21	17067	1	30
	22	17087	1	30
	23	17107	1	30
	24	16067	1	30
	25	16087	1	30
	26	16107	1	30
	27	14067	1	30
	28	14087	1	30
	29	14107	1	30
	30	12228	1	30
	31	12368	1	30
	32	12508	1	30
	33	12648	1	30
	34	15087	1	20
	35	15107	1	20
	36	50926	3	335
	37	70035	2	1
	38	25040	1	500
	39	50300	1	500
	40	70102	1	1000
}	
Group	Metin_Celos
{	
	Mob	8007
	Type	drop
	1	69	1	10
	2	3059	1	10
	3	4029	1	10
	4	2059	1	10
	5	79	1	10
	6	5059	1	10
	7	7049	1	10
	8	11237	1	10
	9	11437	1	10
	10	11637	1	10
	11	11837	1	10
	12	51001	5	300
	13	71001	1	1000
	14	71094	1	1000
	15	51001	5	100
	16	70024	1	5
	17	71084	40	35
	18	71085	3	35
	19	51001	100	1
	20	27987	3	900
	21	50037	2	100
	22	13199	1	20
	23	17067	1	30
	24	17087	1	30
	25	17107	1	30
	26	16067	1	30
	27	16087	1	30
	28	16107	1	30
	29	14067	1	30
	30	14087	1	30
	31	14107	1	30
	32	12228	1	30
	33	12368	1	30
	34	12508	1	30
	35	12648	1	30
	36	15127	1	30
	37	50926	3	335
	38	70035	2	1
	39	25040	1	500
	40	50300	1	500
	41	80008	1	1000
	42	70102	1	1000
}	
Group	Metin_Alma
{	
	Mob	8008
	Type	drop
	1	79	1	10
	2	3069	1	10
	3	1039	1	10
	4	2069	1	10
	5	89	1	10
	6	5039	1	10
	7	7069	1	10
	8	11247	1	10
	9	11447	1	10
	10	11647	1	10
	11	11847	1	10
	12	51001	3	300
	13	71001	1	1000
	14	71094	1	1000
	15	50513	1	55
	16	70024	1	10
	17	71084	40	335
	18	71085	3	335
	19	51503	1	535
	20	51001	4	535
	21	50037	2	100
	22	13199	1	20
	23	17067	1	30
	24	17087	1	30
	25	17107	1	30
	26	16067	1	30
	27	16087	1	30
	28	16107	1	30
	29	14067	1	30
	30	14087	1	30
	31	14107	1	30
	32	12228	1	30
	33	12368	1	30
	34	12508	1	30
	35	12648	1	30
	36	15147	1	30
	37	50926	3	335
	38	70035	2	1
	39	25040	1	500
	40	50300	1	500
	41	80008	1	1000
	42	70102	1	1000
}	
Group	Metin_Sombra
{	
	Mob	8009
	Type	drop
	1	89	1	10
	2	3079	1	10
	3	1049	1	10
	4	2079	1	10
	5	99	1	10
	6	5049	1	10
	7	7079	1	10
	8	11247	1	10
	9	11447	1	10
	10	11647	1	10
	11	11847	1	10
	12	51001	5	300
	13	71001	1	1000
	14	71094	1	1000
	15	51001	1	55
	16	70024	1	10
	17	71084	45	335
	18	71085	3	335
	19	51503	1	535
	20	51001	5	535
	21	27987	3	900
	22	50037	2	100
	23	17126	1	30
	24	17146	1	30
	25	17166	1	30
	26	16126	1	30
	27	16146	1	30
	28	16166	1	30
	29	14126	1	30
	30	14146	1	30
	31	14166	1	30
	32	13206	1	30
	33	15167	1	30
	34	12247	1	30
	35	12387	1	30
	36	12527	1	30
	37	12667	1	30
	38	50926	3	335
	39	70035	2	1
	40	25040	1	500
	41	50300	1	500
	42	80008	1	1000
	43	70102	1	1000
}	
Group	Metin_Dureza
{	
	Mob	8010
	Type	drop
	1	99	1	10
	2	3089	1	10
	3	1059	1	10
	4	2089	1	10
	5	109	1	10
	6	5059	1	10
	7	7089	1	10
	8	11247	1	10
	9	11447	1	10
	10	11647	1	10
	11	11847	1	10
	12	51001	1	300
	13	71001	1	1000
	14	71094	1	1000
	15	51001	1	55
	16	70024	1	10
	17	71084	50	335
	18	71085	3	335
	19	51503	1	535
	20	51001	5	535
	21	14186	1	30
	22	16186	1	30
	23	17186	1	30
	24	13207	1	30
	25	27987	3	900
	26	50037	2	100
	27	12247	1	30
	28	12387	1	30
	29	12527	1	30
	30	12667	1	30
	31	50926	3	335
	32	70035	2	1
	33	25040	1	500
	34	50300	1	500
	35	80008	1	1000
	36	70102	1	1000
}	
Group	Metin_Demonio
{	
	Mob	8011
	Type	drop
	1	109	1	10
	2	3099	1	10
	3	1069	1	10
	4	2099	1	10
	5	119	1	10
	6	5059	1	10
	7	7089	1	10
	8	11256	1	10
	9	11456	1	10
	10	11656	1	10
	11	11856	1	10
	12	51001	1	300
	13	71001	1	1000
	14	71094	1	1000
	15	50513	1	55
	16	70024	1	10
	17	71084	55	335
	18	71085	3	335
	19	51503	1	535
	20	51001	5	535
	21	14186	1	30
	22	16186	1	30
	23	17186	1	30
	24	13207	1	30
	25	27987	3	900
	26	50037	2	100
	27	12247	1	30
	28	12387	1	30
	29	12527	1	30
	30	12667	1	30
	31	50926	3	335
	32	70035	2	1
	33	25040	1	500
	34	50300	1	500
	35	80008	1	1000
	36	70102	1	1000
}	
Group	Metin_Caida
{	
	Mob	8012
	Type	drop
	1	119	1	10
	2	3109	1	10
	3	1079	1	10
	4	2109	1	10
	5	129	1	10
	6	5069	1	10
	7	7109	1	10
	8	11259	1	10
	9	11459	1	10
	10	11659	1	10
	11	11859	1	10
	12	51001	1	300
	13	71001	1	1000
	14	71094	1	1000
	15	51001	1	55
	16	70024	1	235
	17	71084	60	335
	18	71085	3	335
	19	51001	6	535
	20	50926	3	335
	21	70035	2	1
	22	25040	1	500
	23	50300	1	500
	24	220	1	500
	25	80008	1	1000
	26	70102	1	1000
}	
Group	Metin_Muerte
{	
	Mob	8013
	Type	drop
	1	129	1	10
	2	3119	1	10
	3	1089	1	10
	4	2119	1	10
	5	139	1	10
	6	5079	1	10
	7	7119	1	10
	8	11267	1	10
	9	11467	1	10
	10	11667	1	10
	11	11867	1	10
	12	51001	1	300
	13	71001	1	1000
	14	71094	1	1000
	15	51001	1	55
	16	70024	1	300
	17	71084	65	335
	18	71085	3	335
	19	51503	1	535
	20	51001	5	535
	21	14186	1	30
	22	16186	1	30
	23	17186	1	30
	24	13207	1	30
	25	27987	3	900
	26	50037	3	100
	27	12247	1	30
	28	12387	1	30
	29	12527	1	30
	30	12667	1	30
	31	50926	3	335
	32	70035	2	1
	33	25040	1	500
	34	50300	1	500
	35	220	1	500
	36	80008	1	1000
	37	70102	1	1000
}	
Group	Metin_Asesino
{	
	Mob	8014
	Type	drop
	1	139	1	10
	2	3129	1	10
	3	1099	1	10
	4	2129	1	10
	5	5089	1	10
	6	7129	1	10
	7	11267	1	10
	8	11467	1	10
	9	11667	1	10
	10	11867	1	10
	11	51001	1	300
	12	71001	1	1000
	13	71094	1	1000
	14	51001	1	55
	15	70024	1	300
	16	71084	70	335
	17	71085	3	335
	18	51503	1	535
	19	51001	5	535
	20	14186	1	30
	21	16186	1	30
	22	17186	1	30
	23	13207	1	30
	24	27987	3	900
	25	50037	5	100
	26	12247	1	30
	27	12387	1	30
	28	12527	1	30
	29	12667	1	30
	30	50926	3	335
	31	70035	2	1
	32	25040	1	500
	33	50300	1	500
	34	80008	1	1000
	35	70102	1	1000
}	
Group	Metin_Asesino
{	
	Mob	8016
	Type	drop
	1	139	1	10
	2	3129	1	10
	3	1099	1	10
	4	2129	1	10
	5	5089	1	10
	6	7129	1	10
	7	11267	1	10
	8	11467	1	10
	9	11667	1	10
	10	11867	1	10
	11	51001	1	300
	12	71001	1	1000
	13	71094	1	1000
	14	51001	1	55
	15	70024	1	1000
	16	71084	70	335
	17	71085	3	335
	18	51503	1	535
	19	51001	5	535
	20	14186	1	30
	21	16186	1	30
	22	17186	1	30
	23	13207	1	30
	24	27987	3	900
	25	50037	5	100
	26	12247	1	30
	27	12387	1	30
	28	12527	1	30
	29	12667	1	30
	30	50926	3	335
	31	70035	2	1
	32	25040	1	500
	33	50300	1	500
	34	80008	1	1000
	35	70102	1	1000
}
Group	Metin_Pung_Ma
{	
	Mob	8024
	Type	drop
	1	11277	1	10
	2	11477	1	10
	3	11677	1	10
	4	11877	1	10
	5	51001	1	300
	6	71001	1	1000
	7	71094	1	1000
	8	51001	1	55
	9	70024	1	1000
	10	71084	75	335
	11	71085	3	335
	12	70024	1	5
	13	51001	45	535
	14	14203	1	90
	15	16203	1	90
	16	17203	1	90
	17	13063	1	30
	18	27987	3	900
	19	50037	3	10
	20	50926	3	3350
	21	70035	2	1
	22	25040	1	500
	23	50300	1	500
	24	80008	1	1000
	25	70102	4	1000
}
Group	Metin_Ma_An
{
	Mob	8025
	Type	drop
	1	11287	1	10
	2	11487	1	10
	3	11687	1	10
	4	11887	1	10
	5	51001	1	300
	6	71001	1	1000
	7	71094	1	1000
	8	50513	1	55
	9	70024	1	1000
	10	71084	80	335
	11	71085	3	335
	12	51541	1	535
	13	51001	50	535
	14	14202	1	90
	15	16203	1	90
	16	17203	1	90
	17	13063	1	30
	18	27987	3	900
	19	50037	3	100
	20	50926	3	335
	21	70035	2	1
	22	25040	1	500
	23	50300	1	500
	24	80008	1	1000
	25	70102	4	1000
}	
Group	Metin_To_Joung
{	
	Mob	8026
	Type	drop
	1	11286	1	50
	2	11486	1	50
	3	11686	1	50
	4	11886	1	50
	5	71001	1	1000
	6	71094	1	1000
	7	50513	3	55
	8	70024	1	1000
	9	71084	85	335
	10	71085	3	335
	11	51541	1	535
	12	51001	55	100
	13	14204	1	30
	14	16204	1	30
	15	17204	1	30
	16	13066	1	30
	17	27987	3	900
	18	50037	3	100
	19	50926	3	335
	20	70035	2	1
	21	25040	1	500
	22	50300	1	500
	23	80008	1	1000
	24	70102	4	1000
}
Group	Metin_Jeon_Un
{	
	Mob	8027
	Type	drop
	1	170	1	50
	2	3150	1	50
	3	1120	1	50
	4	2180	1	50
	5	5090	1	50
	6	7150	1	50
	7	11287	1	40
	8	11487	1	40
	9	11687	1	40
	10	11887	1	40
	11	51001	1	300
	12	71001	1	1000
	13	71094	1	1000
	14	51001	1	55
	15	70024	1	1000
	16	71084	90	335
	17	71085	3	335
	18	51001	1	535
	19	51001	60	535
	20	14206	1	30
	21	16206	1	30
	22	17206	1	30
	23	13066	1	30
	24	27987	3	900
	25	50037	5	100
	26	50926	3	335
	27	70035	2	1
	28	25040	1	500
	29	50300	1	500
	30	80008	1	1000
	31	70102	6	1000
	32	50513	4	1000
}	
Group	Metin_Tinieblas
{	
	Mob	8051
	Type	drop
	1	50513	5	1000
	2	70024	1	1000
	3	71084	120	1000
	4	71085	3	335
	5	51562	1	535
	6	51001	80	535
	7	30500	1	1000
	8	30501	1	1000
	9	30502	1	1000
	10	30503	1	1000
	11	30504	1	1000
	12	30505	1	1000
	13	30506	1	1000
	14	30507	1	1000
	15	30508	1	1000
	16	30509	1	1000
	17	30510	1	1000
	18	30511	1	1000
	19	30512	1	1000
	20	30513	1	1000
	21	30514	1	1000
	22	30515	1	1000
	23	30516	1	1000
	24	30517	1	1000
	25	30611	1	1000
	26	50926	3	335
	27	50300	1	500
	28	80008	2	1000
	29	27987	8	1000
	30	70102	8	1000
}	
Group	Metin_Ascuas
{	
	Mob	8052
	Type	drop
	1	50513	5	1000
	2	70024	1	1000
	3	71084	120	1000
	4	71085	3	335
	5	51562	1	535
	6	51001	80	535
	7	30500	1	1000
	8	30501	1	1000
	9	30502	1	1000
	10	30503	1	1000
	11	30504	1	1000
	12	30505	1	1000
	13	30506	1	1000
	14	30507	1	1000
	15	30508	1	1000
	16	30509	1	1000
	17	30510	1	1000
	18	30511	1	1000
	19	30512	1	1000
	20	30513	1	1000
	21	30514	1	1000
	22	30515	1	1000
	23	30516	1	1000
	24	30517	1	1000
	25	30611	1	1000
	26	50926	4	335
	27	50300	1	500
	28	80008	2	1000
	29	27987	8	1000
	30	70102	8	1000
}	
Group	Metin_Vanidad
{	
	Mob	8053
	Type	drop
	1	50513	5	1000
	2	70024	1	1000
	3	71084	120	1000
	4	71085	3	335
	5	51562	1	535
	6	51001	80	535
	7	30500	1	1000
	8	30501	1	1000
	9	30502	1	1000
	10	30503	1	1000
	11	30504	1	1000
	12	30505	1	1000
	13	30506	1	1000
	14	30507	1	1000
	15	30508	1	1000
	16	30509	1	1000
	17	30510	1	1000
	18	30511	1	1000
	19	30512	1	1000
	20	30513	1	1000
	21	30514	1	1000
	22	30515	1	1000
	23	30516	1	1000
	24	30517	1	1000
	25	30611	1	1000
	26	50926	4	335
	27	50300	1	500
	28	80008	2	1000
	29	27987	8	1000
	30	70102	8	1000
}	
Group	Metin_Furia
{	
	Mob	8054
	Type	drop
	1	50513	5	1000
	2	70024	1	1000
	3	71084	120	1000
	4	71085	3	335
	5	51562	1	535
	6	51001	80	535
	7	30500	1	1000
	8	30501	1	1000
	9	30502	1	1000
	10	30503	1	1000
	11	30504	1	1000
	12	30505	1	1000
	13	30506	1	1000
	14	30507	1	1000
	15	30508	1	1000
	16	30509	1	1000
	17	30510	1	1000
	18	30511	1	1000
	19	30512	1	1000
	20	30513	1	1000
	21	30514	1	1000
	22	30515	1	1000
	23	30516	1	1000
	24	30517	1	1000
	25	30611	1	1000
	26	50926	4	335
	27	50300	1	500
	28	80008	2	1000
	29	27987	8	1000
	30	70102	8	1000
}	
Group	Metin_Desastre
{	
	Mob	8055
	Type	drop
	1	50513	1	1000
	2	70024	1	1000
	3	71084	120	1000
	4	71085	3	335
	5	51562	1	535
	6	51001	80	535
	7	30500	1	1000
	8	30501	1	1000
	9	30502	1	1000
	10	30503	1	1000
	11	30504	1	1000
	12	30505	1	1000
	13	30506	1	1000
	14	30507	1	1000
	15	30508	1	1000
	16	30509	1	1000
	17	30510	1	1000
	18	30511	1	1000
	19	30512	1	1000
	20	30513	1	1000
	21	30514	1	1000
	22	30515	1	1000
	23	30516	1	1000
	24	30517	1	1000
	25	30611	1	1000
	26	50926	4	335
	27	50300	1	500
	28	80008	2	1000
	29	27987	8	1000
	30	70102	8	1000
}	
Group	Metin_Infamia
{	
	Mob	8056
	Type	drop
	1	50513	5	1000
	2	70024	1	1000
	3	71084	120	1000
	4	71085	3	335
	5	51562	1	535
	6	51001	80	535
	7	30500	1	1000
	8	30501	1	1000
	9	30502	1	1000
	10	30503	1	1000
	11	30504	1	1000
	12	30505	1	1000
	13	30506	1	1000
	14	30507	1	1000
	15	30508	1	1000
	16	30509	1	1000
	17	30510	1	1000
	18	30511	1	1000
	19	30512	1	1000
	20	30513	1	1000
	21	30514	1	1000
	22	30515	1	1000
	23	30516	1	1000
	24	30517	1	1000
	25	30611	1	1000
	26	50926	4	335
	27	50300	1	500
	28	80008	2	1000
	29	27987	8	1000
	30	70102	8	1000
}	
Group	Hae-Tae
{	
	kill_drop	1
	Mob	5002
	Type	kill
	1	50079	1	300	3000
}	
Group	Hae-Tae
{	
	Mob	5002
	Type	drop
	1	50513	1	3000
	2	77	1	3000
	3	3067	1	3000
	4	1037	1	3000
	5	2067	1	3000
	6	77	1	3000
	7	5037	1	3000
	8	7067	1	3000
	9	11217	1	3000
	10	11417	1	3000
	11	11617	1	3000
	12	11817	1	3000
	13	13027	1	3000
	14	27007	20	3000
	15	27008	20	3000
}	
Group	Capitan_Bestial
{	
	kill_drop	1
	Mob	591
	Type	kill
	1	50070	1	300	1000
}	
Group	Capitan_Bestial
{	
	Mob	591
	Type	drop
	1	50513	1	3000
	2	80	1	3000
	3	3070	1	3000
	4	1040	1	3000
	5	2070	1	3000
	6	80	1	3000
	7	5040	1	3000
	8	7070	1	3000
	9	11230	1	3000
	10	11430	1	3000
	11	11630	1	3000
	12	11830	1	3000
	13	13040	1	3000
	14	27007	20	3000
	15	27008	20	3000
	16	30622	1	3000
	17	30601	1	3000
	18	30600	1	3000
	19	76045	1	3000
	20	80019	2	3000
	21	71027	2	3000
	22	71028	2	3000
	23	71029	2	3000
	24	71030	2	3000
	25	71044	2	3000
	26	71045	2	3000
	27	70024	3	3000
}
Group	Jefe_Orco
{	
	kill_drop	1
	Mob	691
	Type	kill
	1	50071	1	300	3000
}	
Group	Jefe_Orco
{	
	Mob	691
	Type	drop
	1	50513	1	3000
	2	107	1	3000
	3	3097	1	3000
	4	1067	1	3000
	5	2097	1	3000
	6	267	1	3000
	7	5057	1	3000
	8	7087	1	3000
	9	11257	1	3000
	10	11457	1	3000
	11	11657	1	3000
	12	11857	1	3000
	13	13040	1	3000
	14	27007	50	3000
	15	27008	50	3000
	16	30622	1	3000
	17	30601	1	3000
	18	30600	1	3000
	19	76045	1	3000
	20	30194	2	3000
	21	31040	2	3000
	22	80019	2	3000
	23	71027	2	3000
	24	71028	2	3000
	25	71029	2	3000
	26	71030	2	3000
	27	71044	2	3000
	28	71045	2	3000
	29	70024	3	3000
}	
Group	Lider_Oscuro
{	
	kill_drop	1
	Mob	792
	Type	kill
	1	50072	1	300	3000
}	
Group	Lider_Oscuro
{	
	Mob	792
	Type	drop
	1	50513	1	3000	
	2	137	1	3000
	3	3127	1	3000
	4	1097	1	3000
	5	2127	1	3000
	6	137	1	3000
	7	5087	1	3000
	8	7127	1	3000
	9	11267	1	3000
	10	11467	1	3000
	11	11667	1	3000
	12	11867	1	3000
	13	13040	1	3000
	14	27007	50	3000
	15	27008	50	3000
	16	30622	1	3000
	17	30601	1	3000
	18	30600	1	3000
	19	76045	1	3000
	20	30198	2	3000
	21	31040	2	3000
	22	80019	2	3000
	23	71027	2	3000
	24	71028	2	3000
	25	71029	2	3000
	26	71030	2	3000
	27	71044	2	3000
	28	71045	2	3000
	29	70024	3	3000
}	
Group	Tortuga_Gigante
{	
	kill_drop	1
	Mob	2191
	Type	kill
	1	50076	1	300	1000
	2	30193	2	300	1000
}	
Group	Tortuga_Gigante
{	
	Mob	2191
	Type	drop
	1	50513	1	3000
	2	117	1	3000
	3	3107	1	3000
	4	1077	1	3000
	5	2107	1	3000
	6	117	1	3000
	7	5067	1	3000
	8	7107	1	3000
	9	11257	1	3000
	10	11457	1	3000
	11	11657	1	3000
	12	11857	1	3000
	13	13040	1	3000
	14	27007	50	3000
	15	27008	50	3000
	16	30622	1	3000
	17	30601	1	3000
	18	30600	1	3000
	19	76045	1	3000
	21	31040	2	3000
	22	80019	2	3000
	23	71027	2	3000
	24	71028	2	3000
	25	71029	2	3000
	26	71030	2	3000
	27	71044	2	3000
	28	71045	2	3000
	29	70024	3	3000
}	
Group	Reina_Araña
{	
	kill_drop	1
	Mob	2091
	Type	kill
	1	50077	1	300	3000
}	
Group	Reina_Araña
{	
	Mob	2091
	Type	drop
	1	50513	1	3000
	2	97	1	3000
	3	3077	1	3000
	4	1047	1	3000
	5	2077	1	3000
	6	5047	1	3000
	7	7077	1	3000
	8	13040	1	3000
	9	27007	50	3000
	10	27008	50	3000
	11	30622	1	3000
	12	30601	1	3000
	13	30600	1	3000
	14	76045	1	3000
	15	30197	2	3000
	16	31040	2	3000
	17	80019	2	3000
	18	71027	2	3000
	19	71028	2	3000
	20	71029	2	3000
	21	71030	2	3000
	22	71044	2	3000
	23	71045	2	3000
	24	70024	3	3000
}	
Group	Reina_Araña
{	
	kill_drop	1
	Mob	2093
	Type	kill
	1	50077	1	300	1000
}	
Group	Reina_Araña
{	
	Mob	2093
	Type	drop
	1	50513	1	3000
	2	97	1	3000
	3	3077	1	3000
	4	1047	1	3000
	5	2077	1	3000
	6	5047	1	3000
	7	7077	1	3000
	8	13040	1	3000
	9	27007	50	3000
	10	27008	50	3000
	11	30622	1	3000
	12	30601	1	3000
	13	30600	1	3000
	14	76045	1	3000
	15	30197	2	3000
	16	31040	2	3000
	17	80019	2	3000
	18	71027	2	3000
	19	71028	2	3000
	20	71029	2	3000
	21	71030	2	3000
	22	71044	2	3000
	23	71045	2	3000
	24	70024	3	3000
}	
Group	Tigre_Amarillo
{	
	kill_drop	1
	Mob	1304
	Type	kill
	1	50073	1	300	1000
}	
Group	Tigre_Amarillo
{	
	Mob	1304
	Type	drop
	1	50513	1	3000
	2	140	1	3000
	3	3130	1	3000
	4	1100	1	3000
	5	2140	1	3000
	6	2140	1	3000
	7	5100	1	3000
	8	7140	1	3000
	9	11270	1	3000
	10	11470	1	3000
	11	11670	1	3000
	12	11870	1	3000
	13	13040	1	3000
	14	27007	50	3000
	15	27008	50	3000
	16	30622	1	3000
	17	30601	1	3000
	18	30600	1	3000
	19	76045	1	3000
	20	30196	2	3000
	21	31040	2	3000
	22	80019	5	3000
	23	71027	2	3000
	24	71028	2	3000
	25	71029	2	3000
	26	71030	2	3000
	27	71044	2	3000
	28	71045	2	3000
	29	70024	3	3000
}	
Group	Nueve_Colas
{	
	kill_drop	1
	Mob	1901
	Type	kill
	1	50074	1	300	1000
}	
Group	Nueve_Colas
{	
	Mob	1901
	Type	drop
	1	50513	1	3000
	2	147	1	3000
	3	3137	1	3000
	4	1107	1	3000
	5	2147	1	3000
	6	2147	1	3000
	7	5107	1	3000
	8	7147	1	3000
	9	11277	1	3000
	10	11477	1	3000
	11	11677	1	3000
	12	11877	1	3000
	13	13040	1	3000
	14	27007	50	3000
	15	27008	50	3000
	16	30622	1	3000
	17	30601	1	3000
	18	30600	1	3000
	19	76045	1	3000
	20	30525	2	3000
	21	31040	2	3000
	22	80019	5	3000
	23	71027	2	3000
	24	71028	2	3000
	25	71029	2	3000
	26	71030	2	3000
	27	71044	2	3000
	28	71045	2	3000
	29	70024	3	3000
}	
Group	Ogro_Milenario
{	
	kill_drop	1
	Mob	1615
	Type	kill
	1	50078	1	300	1000
}	
Group	Ogro_Milenario
{	
	Mob	1615
	Type	drop
	1	50513	1	3000
	2	193	1	3000
	3	11293	1	3000
	4	11493	1	3000
	5	11693	1	3000
	6	11893	1	3000
	7	13047	1	3000
	8	27007	50	3000
	9	27008	50	3000
	10	80019	5	3000
	11	71027	2	3000
	12	71028	2	3000
	13	71029	2	3000
	14	71030	2	3000
	15	71044	2	3000
	16	71045	2	3000
	17	70024	3	3000
}	
Group	Señor_Arbol_Fantasma
{	
	kill_drop	1
	Mob	2306
	Type	kill
	1	50079	1	300	1000
}	
Group	Señor_Arbol_Fantasma
{	
	Mob	2306
	Type	drop
	1	50513	1	3000
	2	193	1	3000
	3	11293	1	3000
	4	11493	1	3000
	5	11693	1	3000
	6	11893	1	3000
	7	13040	1	3000
	8	27007	50	3000
	9	27008	50	3000
	10	30622	2	3000
	11	30601	2	3000
	12	30600	2	3000
	13	76045	2	3000
	14	30199	2	3000
	15	31040	2	3000
	16	80019	5	3000
	17	71027	4	3000
	18	71028	4	3000
	19	71029	4	3000
	20	71030	4	3000
	21	71044	4	3000
	22	71045	4	3000
	23	70024	3	3000
	24	70011	3	3000
	25	50722	6	3000
	26	50723	6	3000
	27	50724	6	3000
	28	50725	6	3000
	29	50726	6	3000
	30	50727	6	3000
	31	50728	6	3000
	32	50729	6	3000
	33	50730	6	3000
	34	50731	6	3000
	35	50721	6	3000
}	
Group	Señor_Arbol_Fantasma_gigante
{	
	Mob	2307
	Type	drop
	1	50513	1	3000
	2	193	1	3000
	3	11293	1	3000
	4	11493	1	3000
	5	11693	1	3000
	6	11893	1	3000
	7	13040	1	3000
	8	27007	50	3000
	9	27008	50	3000
	10	30622	2	3000
	11	30601	2	3000
	12	30600	2	3000
	13	76045	2	3000
	14	30199	2	3000
	15	31040	2	3000
	16	80019	5	3000
	17	71027	4	3000
	18	71028	4	3000
	19	71029	4	3000
	20	71030	4	3000
	21	71044	4	3000
	22	71045	4	3000
	23	70024	3	3000
	24	70011	8	3000
	25	50722	22	3000
	26	50723	22	3000
	27	50724	22	3000
	28	50725	22	3000
	29	50726	22	3000
	30	50727	22	3000
	31	50728	22	3000
	32	50729	22	3000
	33	50730	22	3000
	34	50731	22	3000
	35	50721	22	3000
}	
Group	Bruja_de_Hielo
{	
	kill_drop	1
	Mob	1191
	Type	kill
	1	50081	1	300	100
}	
Group	Bruja_de_Hielo
{	
	Mob	1191
	Type	drop
	1	50513	1	3000
	2	193	1	3000
	3	11287	1	3000
	4	11487	1	3000
	5	11687	1	3000
	6	11887	1	3000
	7	13040	1	3000
	8	27007	50	3000
	9	27008	50	3000
	10	30622	2	3000
	11	30601	2	3000
	12	30600	2	3000
	13	76045	2	3000
	14	30195	2	3000
	15	31040	2	3000
	16	80019	6	3000
	17	71027	4	3000
	18	71028	4	3000
	19	71029	4	3000
	20	71030	4	3000
	21	71044	4	3000
	22	71045	4	3000
	23	70024	3	3000
}	
Group	Bruja_de_Hielo_Poderosa
{	
	Mob	1192
	Type	drop
	1	50513	1	3000
	2	193	1	3000
	3	11287	1	3000
	4	11487	1	3000
	5	11687	1	3000
	6	11887	1	3000
	7	13040	1	3000
	8	27007	50	3000
	9	27008	50	3000
	10	30622	2	3000
	11	30601	2	3000
	12	30600	2	3000
	13	76045	2	3000
	14	30195	2	3000
	15	31040	2	3000
	16	80019	6	3000
	17	71027	4	3000
	18	71028	4	3000
	19	71029	4	3000
	20	71030	4	3000
	21	71044	4	3000
	22	71045	4	3000
	23	70024	3	3000
	24	70102	10	3000
}	
Group	General_Yonghan
{	
	kill_drop	1
	Mob	2492
	Type	kill
	1	50082	1	300	100
}	
Group	General_Yonghan
{	
	Mob	2492
	Type	drop
	1	50513	1	3000
	2	177	1	3000
	3	3157	1	3000
	4	1127	1	3000
	5	2187	1	3000
	6	257	1	3000
	7	5157	1	3000
	8	7167	1	3000
	9	11293	1	3000
	10	11493	1	3000
	11	11693	1	3000
	12	11893	1	3000
	13	13047	1	3000
	14	27007	50	3000
	15	27008	50	3000
	16	30622	2	3000
	17	30601	2	3000
	18	30600	2	3000
	19	76045	2	3000
	20	30195	2	3000
	21	31040	2	3000
	22	80019	6	3000
	23	71027	4	3000
	24	71028	4	3000
	25	71029	4	3000
	26	71030	4	3000
	27	71044	4	3000
	28	71045	4	3000
	29	70024	3	3000
}	
Group	Señor_Mono
{	
	Level_limit	30
	Mob	5163
	Type	drop
	1	55401	1	1000
	2	25041	1	1000
	3	25041	1	1000
}	
Group	zodiacal_Zi
{
	Level_limit	100
	Mob	2750
	Type	drop
	1	71301	40	1000
	2	71202	2	1000
	3	51645	2	200
	4	50034	2	200
	5	25041	5	200
	6	56003	3	200
	7	55009	2	1000
	8	30622	7	1000
	9	30601	7	1000
	10	30600	7	1000
	11	76045	7	1000
	12	100500	2	1000
	13	72328	3	1000
	14	33033	2	1000
	15	33001	2	1000
	16	33013	2	1000
	17	71302	40	1000
}
Group	zodiacal_Zi
{
	Level_limit	110
	Mob	2751
	Type	drop
	1	71301	40	1000
	2	71202	2	1000
	3	51645	2	200
	4	50034	2	200
	5	25041	5	200
	6	56003	3	200
	7	55009	2	1000
	8	30622	7	1000
	9	30601	7	1000
	10	30600	7	1000
	11	76045	7	1000
	12	100500	2	1000
	13	72328	5	1000
	14	33033	6	1000
	15	33001	6	1000
	16	33013	6	1000
	17	71302	40	1000
}
Group	zodiacal_Chou
{
	Level_limit	110
	Mob	2760
	Type	drop
	1	71301	40	1000
	2	71202	2	1000
	3	51645	2	200
	4	50034	2	200
	5	25041	5	200
	6	56003	3	200
	7	55009	2	1000
	8	30622	7	1000
	9	30601	7	1000
	10	30600	7	1000
	11	76045	7	1000
	12	100500	2	1000
	13	72328	3	1000
	14	33033	2	1000
	15	33002	2	1000
	16	33014	2	1000
	17	71302	40	1000
}
Group	zodiacal_Chou
{
	Level_limit	110
	Mob	2761
	Type	drop
	1	71301	40	1000
	2	71202	2	1000
	3	51645	2	200
	4	50034	2	200
	5	25041	5	200
	6	56003	3	200
	7	55009	2	1000
	8	30622	7	1000
	9	30601	7	1000
	10	30600	7	1000
	11	76045	7	1000
	12	100500	2	1000
	13	72328	5	1000
	14	33033	6	1000
	15	33002	6	1000
	16	33014	6	1000
	17	71302	40	1000
}
Group	zodiacal_Yin
{
	Level_limit	110
	Mob	2770
	Type	drop
	1	71301	40	1000
	2	71202	2	1000
	3	51645	2	200
	4	50034	2	200
	5	25041	5	200
	6	56003	3	200
	7	55009	2	1000
	8	30622	7	1000
	9	30601	7	1000
	10	30600	7	1000
	11	76045	7	1000
	12	100500	2	1000
	13	72328	3	1000
	14	33033	2	1000
	15	33003	2	1000
	16	33015	2	1000
	17	71302	40	1000
}
Group	zodiacal_Yin
{
	Level_limit	110
	Mob	2771
	Type	drop
	1	71301	40	1000
	2	71202	2	1000
	3	51645	2	200
	4	50034	2	200
	5	25041	5	200
	6	56003	3	200
	7	55009	2	1000
	8	30622	7	1000
	9	30601	7	1000
	10	30600	7	1000
	11	76045	7	1000
	12	100500	2	1000
	13	72328	5	1000
	14	33033	6	1000
	15	33003	6	1000
	16	33015	6	1000
	17	71302	40	1000
}
Group	zodiacal_Mao
{
	Level_limit	110
	Mob	2780
	Type	drop
	1	71301	40	1000
	2	71202	2	1000
	3	51645	2	200
	4	50034	2	200
	5	25041	5	200
	6	56003	3	200
	7	55009	2	1000
	8	30622	7	1000
	9	30601	7	1000
	10	30600	7	1000
	11	76045	7	1000
	12	100500	2	1000
	13	72328	3	1000
	14	33033	2	1000
	15	33004	2	1000
	16	33016	2	1000
	17	71302	40	1000
}
Group	zodiacal_Mao
{
	Level_limit	110
	Mob	2781
	Type	drop
	1	71301	40	1000
	2	71202	2	1000
	3	51645	2	200
	4	50034	2	200
	5	25041	5	200
	6	56003	3	200
	7	55009	2	1000
	8	30622	7	1000
	9	30601	7	1000
	10	30600	7	1000
	11	76045	7	1000
	12	100500	2	1000
	13	72328	5	1000
	14	33033	6	1000
	15	33004	6	1000
	16	33016	6	1000
	17	71302	40	1000
}
Group	zodiacal_Chen
{
	Level_limit	110
	Mob	2790
	Type	drop
	1	71301	40	1000
	2	71202	2	1000
	3	51645	2	200
	4	50034	2	200
	5	25041	5	200
	6	56003	3	200
	7	55009	2	1000
	8	30622	7	1000
	9	30601	7	1000
	10	30600	7	1000
	11	76045	7	1000
	12	100500	2	1000
	13	72328	3	1000
	14	33033	2	1000
	15	33005	2	1000
	16	33017	2	1000
}
Group	zodiacal_Chen
{
	Level_limit	110
	Mob	2791
	Type	drop
	1	71301	40	1000
	2	71202	2	1000
	3	51645	2	200
	4	50034	2	200
	5	25041	5	200
	6	56003	3	200
	7	55009	2	1000
	8	30622	7	1000
	9	30601	7	1000
	10	30600	7	1000
	11	76045	7	1000
	12	100500	2	1000
	13	72328	5	1000
	14	33033	6	1000
	15	33005	6	1000
	16	33017	6	1000
	17	71302	40	1000
}
Group	zodiacal_Si
{
	Level_limit	110
	Mob	2800
	Type	drop
	1	71301	40	1000
	2	71202	2	1000
	3	51645	2	200
	4	50034	2	200
	5	25041	5	200
	6	56003	3	200
	7	55009	2	1000
	8	30622	7	1000
	9	30601	7	1000
	10	30600	7	1000
	11	76045	7	1000
	12	100500	2	1000
	13	72328	3	1000
	14	33033	2	1000
	15	33006	2	1000
	16	33018	2	1000
	17	71302	40	1000
}
Group	zodiacal_Si
{
	Level_limit	110
	Mob	2801
	Type	drop
	1	71301	40	1000
	2	71202	2	1000
	3	51645	2	200
	4	50034	2	200
	5	25041	5	200
	6	56003	3	200
	7	55009	2	1000
	8	30622	7	1000
	9	30601	7	1000
	10	30600	7	1000
	11	76045	7	1000
	12	100500	2	1000
	13	72328	5	1000
	14	33033	6	1000
	15	33006	6	1000
	16	33018	6	1000
	17	71302	40	1000
}
Group	zodiacal_Wu
{
	Level_limit	110
	Mob	2810
	Type	drop
	1	71301	40	1000
	2	71202	2	1000
	3	51645	2	200
	4	50034	2	200
	5	25041	5	200
	6	56003	3	200
	7	55009	2	1000
	8	30622	7	1000
	9	30601	7	1000
	10	30600	7	1000
	11	76045	7	1000
	12	100500	2	1000
	13	72328	3	1000
	14	33033	2	1000
	15	33007	2	1000
	16	33019	2	1000
	17	71302	40	1000
}
Group	zodiacal_Wu
{
	Level_limit	110
	Mob	2811
	Type	drop
	1	71301	40	1000
	2	71202	2	1000
	3	51645	2	200
	4	50034	2	200
	5	25041	5	200
	6	56003	3	200
	7	55009	2	1000
	8	30622	7	1000
	9	30601	7	1000
	10	30600	7	1000
	11	76045	7	1000
	12	100500	2	1000
	13	72328	5	1000
	14	33033	6	1000
	15	33007	6	1000
	16	33019	6	1000
	17	71302	40	1000
}
Group	zodiacal_Wei
{
	Level_limit	110
	Mob	2820
	Type	drop
	1	71301	40	1000
	2	71202	2	1000
	3	51645	2	200
	4	50034	2	200
	5	25041	5	200
	6	56003	3	200
	7	55009	2	1000
	8	30622	7	1000
	9	30601	7	1000
	10	30600	7	1000
	11	76045	7	1000
	12	100500	2	1000
	13	72328	3	1000
	14	33033	2	1000
	15	33008	2	1000
	16	33020	2	1000
	17	71302	40	1000
}
Group	zodiacal_Wei
{
	Level_limit	110
	Mob	2821
	Type	drop
	1	71301	40	1000
	2	71202	2	1000
	3	51645	2	200
	4	50034	2	200
	5	25041	5	200
	6	56003	3	200
	7	55009	2	1000
	8	30622	7	1000
	9	30601	7	1000
	10	30600	7	1000
	11	76045	7	1000
	12	100500	2	1000
	13	72328	5	1000
	14	33033	6	1000
	15	33008	6	1000
	16	33020	6	1000
	17	71302	40	1000
}
Group	zodiacal_Shen
{
	Level_limit	110
	Mob	2830
	Type	drop
	1	71301	40	1000
	2	71202	2	1000
	3	51645	2	200
	4	50034	2	200
	5	25041	5	200
	6	56003	3	200
	7	55009	2	1000
	8	30622	7	1000
	9	30601	7	1000
	10	30600	7	1000
	11	76045	7	1000
	12	100500	2	1000
	13	72328	3	1000
	14	33033	2	1000
	15	33009	2	1000
	16	33021	2	1000
	17	71302	40	1000
}
Group	zodiacal_Shen
{
	Level_limit	110
	Mob	2831
	Type	drop
	1	71301	40	1000
	2	71202	2	1000
	3	51645	2	200
	4	50034	2	200
	5	25041	5	200
	6	56003	3	200
	7	55009	2	1000
	8	30622	7	1000
	9	30601	7	1000
	10	30600	7	1000
	11	76045	7	1000
	12	100500	2	1000
	13	72328	5	1000
	14	33033	6	1000
	15	33009	6	1000
	16	33021	6	1000
	17	71302	40	1000
}
Group	zodiacal_Yu
{
	Level_limit	110
	Mob	2840
	Type	drop
	1	71301	40	1000
	2	71202	2	1000
	3	51645	2	200
	4	50034	2	200
	5	25041	5	200
	6	56003	3	200
	7	55009	2	1000
	8	30622	7	1000
	9	30601	7	1000
	10	30600	7	1000
	11	76045	7	1000
	12	100500	2	1000
	13	72328	3	1000
	14	33033	2	1000
	15	33010	2	1000
	16	33022	2	1000
	17	71302	40	1000
}
Group	zodiacal_Yu
{
	Level_limit	110
	Mob	2841
	Type	drop
	1	71301	40	1000
	2	71202	2	1000
	3	51645	2	200
	4	50034	2	200
	5	25041	5	200
	6	56003	3	200
	7	55009	2	1000
	8	30622	7	1000
	9	30601	7	1000
	10	30600	7	1000
	11	76045	7	1000
	12	100500	2	1000
	13	72328	5	1000
	14	33033	6	1000
	15	33010	6	1000
	16	33022	6	1000
	17	71302	40	1000
}
Group	zodiacal_Xu
{
	Level_limit	110
	Mob	2850
	Type	drop
	1	71301	40	1000
	2	71202	2	1000
	3	51645	2	200
	4	50034	2	200
	5	25041	5	200
	6	56003	3	200
	7	55009	2	1000
	8	30622	7	1000
	9	30601	7	1000
	10	30600	7	1000
	11	76045	7	1000
	12	100500	2	1000
	13	72328	3	1000
	14	33033	2	1000
	15	33011	2	1000
	16	71302	40	1000
}
Group	zodiacal_Xu
{
	Level_limit	110
	Mob	2851
	Type	drop
	1	71301	40	1000
	2	71202	2	1000
	3	51645	2	200
	4	50034	2	200
	5	25041	5	200
	6	56003	3	200
	7	55009	2	1000
	8	30622	7	1000
	9	30601	7	1000
	10	30600	7	1000
	11	76045	7	1000
	12	100500	5	1000
	13	72328	6	1000
	14	33033	6	1000
	15	33011	6	1000
	16	71302	40	1000
}
Group	zodiacal_Hai
{
	Level_limit	110
	Mob	2860
	Type	drop
	1	71301	40	1000
	2	71202	2	1000
	3	51645	2	200
	4	50034	2	200
	5	25041	5	200
	6	56003	3	200
	7	55009	2	1000
	8	30622	7	1000
	9	30601	7	1000
	10	30600	7	1000
	11	76045	7	1000
	12	100500	2	1000
	13	72328	3	1000
	14	33033	2	1000
	15	33012	2	1000
	16	71302	40	1000
}
Group	zodiacal_Hai
{
	Level_limit	110
	Mob	2861
	Type	drop
	1	71301	40	1000
	2	71202	2	1000
	3	51645	2	200
	4	50034	2	200
	5	25041	5	200
	6	56003	3	200
	7	55009	2	1000
	8	30622	7	1000
	9	30601	7	1000
	10	30600	7	1000
	11	76045	7	1000
	12	100500	5	1000
	13	72328	6	1000
	14	33033	6	1000
	15	33012	6	1000
	16	71302	40	1000
}
Group	jefe_evento_1
{
	Level_limit	130
	Mob	60270
	Type	drop
	1	55009	1	500
	2	55009	1	500
	3	83018	1	500
	4	50035	1	500
	5	31013	5	500
	6	31013	5	500
	7	31013	5	500
	8	27992	1	500
	9	27992	1	500
	10	27993	1	500
	11	27993	1	500
	12	27994	1	500
	13	27994	1	500
	14	27987	200	500
	15	27987	200	500
	16	51001	200	500
	17	51001	200	500
	18	51001	200	500
	19	51645	1	500
	20	70063	2	500
	21	70063	2	500
	22	70063	2	500
	23	70064	2	500
	24	70064	2	500
	25	70064	2	500
	26	56001	3	500
	27	56001	3	500
	28	56001	3	500
	29	30600	3	500
	30	30600	3	500
	31	30600	3	500
	32	30601	3	500
	33	30601	3	500
	34	30601	3	500
	35	30622	3	500
	36	30622	3	500
	37	30622	3	500
	38	28530	1	50
	39	28531	1	50
	40	28537	1	50
	41	28538	1	50
	42	28541	1	50
	43	28542	1	50
	44	28543	1	50
	45	70065	1	500
	46	70065	1	500
	47	71026	2	500
	48	71026	2	500
	49	71026	2	500
}
Group	jefe_evento_2
{
	Level_limit	130
	Mob	60271
	Type	drop
	1	55009	1	500
	2	55009	1	500
	3	83018	1	500
	4	50035	1	500
	5	31013	5	500
	6	31013	5	500
	7	31013	5	500
	8	27992	1	500
	9	27992	1	500
	10	27993	1	500
	11	27993	1	500
	12	27994	1	500
	13	27994	1	500
	14	27987	200	500
	15	27987	200	500
	16	51001	200	500
	17	51001	200	500
	18	51001	200	500
	19	51645	1	500
	20	70063	2	500
	21	70063	2	500
	22	70063	2	500
	23	70064	2	500
	24	70064	2	500
	25	70064	2	500
	26	56001	3	500
	27	56001	3	500
	28	56001	3	500
	29	30600	3	500
	30	30600	3	500
	31	30600	3	500
	32	30601	3	500
	33	30601	3	500
	34	30601	3	500
	35	30622	3	500
	36	30622	3	500
	37	30622	3	500
	38	28530	1	50
	39	28531	1	50
	40	28537	1	50
	41	28538	1	50
	42	28541	1	50
	43	28542	1	50
	44	28543	1	50
	45	70065	1	500
	46	70065	1	500
	47	71026	2	500
	48	71026	2	500
	49	71026	2	500
}
Group	jefe_evento_3
{
	Level_limit	130
	Mob	60358
	Type	drop
	1	55009	1	500
	2	55009	1	500
	3	83018	1	500
	4	50035	1	500
	5	31013	5	500
	6	31013	5	500
	7	31013	5	500
	8	27992	1	500
	9	27992	1	500
	10	27993	1	500
	11	27993	1	500
	12	27994	1	500
	13	27994	1	500
	14	27987	200	500
	15	27987	200	500
	16	51001	200	500
	17	51001	200	500
	18	51001	200	500
	19	51645	1	500
	20	70063	2	500
	21	70063	2	500
	22	70063	2	500
	23	70064	2	500
	24	70064	2	500
	25	70064	2	500
	26	56001	3	500
	27	56001	3	500
	28	56001	3	500
	29	30600	3	500
	30	30600	3	500
	31	30600	3	500
	32	30601	3	500
	33	30601	3	500
	34	30601	3	500
	35	30622	3	500
	36	30622	3	500
	37	30622	3	500
	38	28530	1	50
	39	28531	1	50
	40	28537	1	50
	41	28538	1	50
	42	28541	1	50
	43	28542	1	50
	44	28543	1	50
	45	70065	1	500
	46	70065	1	500
	47	71026	2	500
	48	71026	2	500
	49	71026	2	500
}
Group	jefe_evento_4
{
	Level_limit	130
	Mob	60312
	Type	drop
	1	55009	1	500
	2	55009	1	500
	3	83018	1	500
	4	50035	1	500
	5	31013	7	500
	6	31013	7	500
	7	31013	7	500
	8	27992	3	500
	9	27992	3	500
	10	27993	3	500
	11	27993	3	500
	12	27994	3	500
	13	27994	3	500
	14	27987	200	500
	15	27987	200	500
	16	51001	200	500
	17	51001	200	500
	18	51001	200	500
	19	51645	1	500
	20	70063	4	500
	21	70063	4	500
	22	70063	4	500
	23	70064	4	500
	24	70064	4	500
	25	70064	4	500
	26	56001	3	500
	27	56001	3	500
	28	56001	3	500
	29	30600	6	500
	30	30600	6	500
	31	30600	6	500
	32	30601	6	500
	33	30601	6	500
	34	30601	6	500
	35	30622	6	500
	36	30622	6	500
	37	30622	6	500
	38	28530	1	75
	39	28531	1	75
	40	28537	1	75
	41	28538	1	75
	42	28541	1	75
	43	28542	1	75
	44	28543	1	75
	45	70065	1	500
	46	70065	1	500
	47	71026	3	500
	48	71026	3	500
	49	71026	3	500
	50	55009	1	500
	51	55009	1	500
	52	51001	200	500
	53	51001	200	500
	54	51001	200	500
	55	56002	3	500
	56	56002	3	500
	57	56002	3	500
}
Group	jefe_evento_5
{
	Level_limit	130
	Mob	60366
	Type	drop
	1	55009	1	500
	2	55009	1	500
	3	83018	1	500
	4	50035	1	500
	5	31013	7	500
	6	31013	7	500
	7	31013	7	500
	8	27992	3	500
	9	27992	3	500
	10	27993	3	500
	11	27993	3	500
	12	27994	3	500
	13	27994	3	500
	14	27987	200	500
	15	27987	200	500
	16	51001	200	500
	17	51001	200	500
	18	51001	200	500
	19	51645	1	500
	20	70063	4	500
	21	70063	4	500
	22	70063	4	500
	23	70064	4	500
	24	70064	4	500
	25	70064	4	500
	26	56001	3	500
	27	56001	3	500
	28	56001	3	500
	29	30600	6	500
	30	30600	6	500
	31	30600	6	500
	32	30601	6	500
	33	30601	6	500
	34	30601	6	500
	35	30622	6	500
	36	30622	6	500
	37	30622	6	500
	38	28530	1	75
	39	28531	1	75
	40	28537	1	75
	41	28538	1	75
	42	28541	1	75
	43	28542	1	75
	44	28543	1	75
	45	70065	1	500
	46	70065	1	500
	47	71026	3	500
	48	71026	3	500
	49	71026	3	500
	50	55009	1	500
	51	55009	1	500
	52	51001	200	500
	53	51001	200	500
	54	51001	200	500
	55	56002	3	500
	56	56002	3	500
	57	56002	3	500
}
Group	jefe_evento_6
{
	Level_limit	130
	Mob	60377
	Type	drop
	1	55009	1	500
	2	55009	1	500
	3	83018	1	500
	4	50035	1	500
	5	31013	7	500
	6	31013	7	500
	7	31013	7	500
	8	27992	3	500
	9	27992	3	500
	10	27993	3	500
	11	27993	3	500
	12	27994	3	500
	13	27994	3	500
	14	27987	200	500
	15	27987	200	500
	16	51001	200	500
	17	51001	200	500
	18	51001	200	500
	19	51645	1	500
	20	70063	4	500
	21	70063	4	500
	22	70063	4	500
	23	70064	4	500
	24	70064	4	500
	25	70064	4	500
	26	56001	3	500
	27	56001	3	500
	28	56001	3	500
	29	30600	6	500
	30	30600	6	500
	31	30600	6	500
	32	30601	6	500
	33	30601	6	500
	34	30601	6	500
	35	30622	6	500
	36	30622	6	500
	37	30622	6	500
	38	28530	1	75
	39	28531	1	75
	40	28537	1	75
	41	28538	1	75
	42	28541	1	75
	43	28542	1	75
	44	28543	1	75
	45	70065	1	500
	46	70065	1	500
	47	71026	3	500
	48	71026	3	500
	49	71026	3	500
	50	55009	1	500
	51	55009	1	500
	52	51001	200	500
	53	51001	200	500
	54	51001	200	500
	55	56002	3	500
	56	56002	3	500
	57	56002	3	500
}
Group	jefe_evento_7
{
	Level_limit	130
	Mob	60098
	Type	drop
	1	55009	1	500
	2	55009	1	500
	3	55009	1	500
	4	65006	1	500
	5	65106	1	500
	6	83018	1	500
	7	83018	1	500
	8	50035	1	500
	9	50035	1	500
	10	50035	1	500
	11	31013	7	500
	12	31013	7	500
	13	31013	7	500
	14	31013	7	500
	15	27992	2	500
	16	27992	2	500
	17	27992	2	500
	18	27992	2	500
	19	27993	2	500
	20	27993	2	500
	21	27993	2	500
	22	27993	2	500
	23	27994	2	500
	24	27994	2	500
	25	27994	2	500
	26	27994	2	500
	27	27987	200	500
	28	27987	200	500
	29	27987	200	500
	30	27987	200	500
	31	51001	200	500
	32	51001	200	500
	33	51001	200	500
	34	51001	200	500
	35	51001	200	500
	36	51001	200	500
	37	51001	200	500
	38	51645	1	500
	39	51645	1	500
	40	51645	1	500
	41	51645	1	500
	42	70063	3	500
	43	70063	3	500
	44	70063	3	500
	45	70063	3	500
	46	70064	3	500
	47	70064	3	500
	48	70064	3	500
	49	70064	3	500
	50	56002	4	500
	51	56002	4	500
	52	56002	4	500
	53	56002	4	500
	54	56003	4	500
	55	56003	4	500
	56	56003	4	500
	57	56003	4	500
	58	55006	3	500
	59	55006	3	500
	60	55006	3	500
	61	30600	5	500
	62	30600	5	500
	63	30600	5	500
	64	30600	5	500
	65	30601	5	500
	66	30601	5	500
	67	30601	5	500
	68	30601	5	500
	69	30622	5	500
	70	30622	5	500
	71	30622	5	500
	72	30622	5	500
	73	28530	1	200
	74	28531	1	200
	75	28537	1	200
	76	28538	1	200
	77	28541	1	200
	78	28542	1	200
	79	28543	1	200
	80	70065	1	500
	81	70065	1	500
	82	70065	1	500
	83	70065	1	500
	84	71026	3	500
	85	71026	3	500
	86	71026	3	500
	87	71026	3	500
	88	71026	3	500
}
Group	jefe_evento_8
{
	Level_limit	130
	Mob	60275
	Type	drop
	1	55009	1	500
	2	55009	1	500
	3	55009	1	500
	4	65006	1	500
	5	65106	1	500
	6	83018	1	500
	7	83018	1	500
	8	50035	1	500
	9	50035	1	500
	10	50035	1	500
	11	31013	7	500
	12	31013	7	500
	13	31013	7	500
	14	31013	7	500
	15	27992	2	500
	16	27992	2	500
	17	27992	2	500
	18	27992	2	500
	19	27993	2	500
	20	27993	2	500
	21	27993	2	500
	22	27993	2	500
	23	27994	2	500
	24	27994	2	500
	25	27994	2	500
	26	27994	2	500
	27	27987	200	500
	28	27987	200	500
	29	27987	200	500
	30	27987	200	500
	31	51001	200	500
	32	51001	200	500
	33	51001	200	500
	34	51001	200	500
	35	51001	200	500
	36	51001	200	500
	37	51001	200	500
	38	51645	1	500
	39	51645	1	500
	40	51645	1	500
	41	51645	1	500
	42	70063	3	500
	43	70063	3	500
	44	70063	3	500
	45	70063	3	500
	46	70064	3	500
	47	70064	3	500
	48	70064	3	500
	49	70064	3	500
	50	56002	4	500
	51	56002	4	500
	52	56002	4	500
	53	56002	4	500
	54	56003	4	500
	55	56003	4	500
	56	56003	4	500
	57	56003	4	500
	58	55006	3	500
	59	55006	3	500
	60	55006	3	500
	61	30600	5	500
	62	30600	5	500
	63	30600	5	500
	64	30600	5	500
	65	30601	5	500
	66	30601	5	500
	67	30601	5	500
	68	30601	5	500
	69	30622	5	500
	70	30622	5	500
	71	30622	5	500
	72	30622	5	500
	73	28530	1	200
	74	28531	1	200
	75	28537	1	200
	76	28538	1	200
	77	28541	1	200
	78	28542	1	200
	79	28543	1	200
	80	70065	1	500
	81	70065	1	500
	82	70065	1	500
	83	70065	1	500
	84	71026	3	500
	85	71026	3	500
	86	71026	3	500
	87	71026	3	500
	88	71026	3	500
	89	55009	1	500
	90	55009	1	500
	91	55009	1	500
}
Group	jefe_evento_9
{
	Level_limit	130
	Mob	60283
	Type	drop
	1	55009	1	500
	2	55009	1	500
	3	55009	1	500
	4	65006	1	500
	5	65106	1	500
	6	83018	1	500
	7	83018	1	500
	8	50035	1	500
	9	50035	1	500
	10	50035	1	500
	11	31013	10	500
	12	31013	10	500
	13	31013	10	500
	14	31013	10	500
	15	27992	4	500
	16	27992	4	500
	17	27992	4	500
	18	27992	4	500
	19	27993	4	500
	20	27993	4	500
	21	27993	4	500
	22	27993	4	500
	23	27994	4	500
	24	27994	4	500
	25	27994	4	500
	26	27994	4	500
	27	27987	200	500
	28	27987	200	500
	29	27987	200	500
	30	27987	200	500
	31	51001	200	500
	32	51001	200	500
	33	51001	200	500
	34	51001	200	500
	35	51001	200	500
	36	51001	200	500
	37	51001	200	500
	38	51645	1	500
	39	51645	1	500
	40	51645	1	500
	41	51645	1	500
	42	70063	6	500
	43	70063	6	500
	44	70063	6	500
	45	70063	6	500
	46	70064	6	500
	47	70064	6	500
	48	70064	6	500
	49	70064	6	500
	50	56002	8	500
	51	56002	8	500
	52	56002	8	500
	53	56002	8	500
	54	56003	8	500
	55	56003	8	500
	56	56003	8	500
	57	56003	8	500
	58	55006	5	500
	59	55006	5	500
	60	55006	5	500
	61	30600	5	500
	62	30600	5	500
	63	30600	5	500
	64	30600	10	500
	65	30601	10	500
	66	30601	10	500
	67	30601	10	500
	68	30601	10	500
	69	30622	10	500
	70	30622	10	500
	71	30622	10	500
	72	30622	10	500
	73	28530	1	400
	74	28531	1	400
	75	28537	1	400
	76	28538	1	400
	77	28541	1	400
	78	28542	1	400
	79	28543	1	400
	80	70065	1	500
	81	70065	1	500
	82	70065	1	500
	83	70065	1	500
	84	71026	6	500
	85	71026	6	500
	86	71026	6	500
	87	71026	6	500
	88	71026	6	500
	89	55009	1	500
	90	55009	1	500
	91	55009	1	500
	92	50035	1	500
	93	50035	1	500
	94	50035	1	500
	95	50035	1	500
}
Group	jefe_evento_10
{
	Level_limit	130
	Mob	60284
	Type	drop
	1	55009	1	500
	2	55009	1	500
	3	55009	1	500
	4	65006	1	500
	5	65106	1	500
	6	83018	1	500
	7	83018	1	500
	8	50035	1	500
	9	50035	1	500
	10	50035	1	500
	11	31013	10	500
	12	31013	10	500
	13	31013	10	500
	14	31013	10	500
	15	27992	4	500
	16	27992	4	500
	17	27992	4	500
	18	27992	4	500
	19	27993	4	500
	20	27993	4	500
	21	27993	4	500
	22	27993	4	500
	23	27994	4	500
	24	27994	4	500
	25	27994	4	500
	26	27994	4	500
	27	27987	200	500
	28	27987	200	500
	29	27987	200	500
	30	27987	200	500
	31	51001	200	500
	32	51001	200	500
	33	51001	200	500
	34	51001	200	500
	35	51001	200	500
	36	51001	200	500
	37	51001	200	500
	38	51645	1	500
	39	51645	1	500
	40	51645	1	500
	41	51645	1	500
	42	70063	6	500
	43	70063	6	500
	44	70063	6	500
	45	70063	6	500
	46	70064	6	500
	47	70064	6	500
	48	70064	6	500
	49	70064	6	500
	50	56002	8	500
	51	56002	8	500
	52	56002	8	500
	53	56002	8	500
	54	56003	8	500
	55	56003	8	500
	56	56003	8	500
	57	56003	8	500
	58	55006	5	500
	59	55006	5	500
	60	55006	5	500
	61	30600	5	500
	62	30600	5	500
	63	30600	5	500
	64	30600	10	500
	65	30601	10	500
	66	30601	10	500
	67	30601	10	500
	68	30601	10	500
	69	30622	10	500
	70	30622	10	500
	71	30622	10	500
	72	30622	10	500
	73	28530	1	400
	74	28531	1	400
	75	28537	1	400
	76	28538	1	400
	77	28541	1	400
	78	28542	1	400
	79	28543	1	400
	80	70065	1	500
	81	70065	1	500
	82	70065	1	500
	83	70065	1	500
	84	71026	6	500
	85	71026	6	500
	86	71026	6	500
	87	71026	6	500
	88	71026	6	500
	89	55009	1	500
	90	55009	1	500
	91	55009	1	500
	92	50035	1	500
	93	50035	1	500
	94	50035	1	500
	95	50035	1	500
}
Group	jefe_evento_11
{
	Level_limit	130
	Mob	60031
	Type	drop
	1	55009	1	500
	2	55009	1	500
	3	55009	1	500
	4	65006	1	500
	5	65106	1	500
	6	83018	1	500
	7	83018	1	500
	8	50035	1	500
	9	50035	1	500
	10	50035	1	500
	11	31013	10	500
	12	31013	10	500
	13	31013	10	500
	14	31013	10	500
	15	27992	4	500
	16	27992	4	500
	17	27992	4	500
	18	27992	4	500
	19	27993	4	500
	20	27993	4	500
	21	27993	4	500
	22	27993	4	500
	23	27994	4	500
	24	27994	4	500
	25	27994	4	500
	26	27994	4	500
	27	27987	200	500
	28	27987	200	500
	29	27987	200	500
	30	27987	200	500
	31	51001	200	500
	32	51001	200	500
	33	51001	200	500
	34	51001	200	500
	35	51001	200	500
	36	51001	200	500
	37	51001	200	500
	38	51645	1	500
	39	51645	1	500
	40	51645	1	500
	41	51645	1	500
	42	70063	6	500
	43	70063	6	500
	44	70063	6	500
	45	70063	6	500
	46	70064	6	500
	47	70064	6	500
	48	70064	6	500
	49	70064	6	500
	50	56002	8	500
	51	56002	8	500
	52	56002	8	500
	53	56002	8	500
	54	56003	8	500
	55	56003	8	500
	56	56003	8	500
	57	56003	8	500
	58	55006	5	500
	59	55006	5	500
	60	55006	5	500
	61	30600	5	500
	62	30600	5	500
	63	30600	5	500
	64	30600	10	500
	65	30601	10	500
	66	30601	10	500
	67	30601	10	500
	68	30601	10	500
	69	30622	10	500
	70	30622	10	500
	71	30622	10	500
	72	30622	10	500
	73	28530	1	400
	74	28531	1	400
	75	28537	1	400
	76	28538	1	400
	77	28541	1	400
	78	28542	1	400
	79	28543	1	400
	80	70065	1	400
	81	70065	1	400
	82	70065	1	500
	83	70065	1	500
	84	25041	6	500
	85	25041	6	500
	86	25041	6	500
	87	25041	6	500
	88	25041	6	500
	89	55009	1	500
	90	55009	1	500
	91	55009	1	500
	92	50035	1	500
	93	50035	1	500
	94	50035	1	500
	95	50035	1	500
}
Group	jefe_lamdaclaus
{
	Level_limit	130
	Mob	60466
	Type	drop
	1	71090	1	500
	2	71090	1	500
	3	71090	1	500
	4	65006	1	500
	5	65106	1	500
	6	83018	1	500
	7	83018	1	500
	8	50035	1	500
	9	50035	1	500
	10	50035	1	500
	11	31013	10	500
	12	31013	10	500
	13	31013	10	500
	14	31013	10	500
	15	27992	4	500
	16	27992	4	500
	17	27992	4	500
	18	27992	4	500
	19	27993	4	500
	20	27993	4	500
	21	27993	4	500
	22	27993	4	500
	23	27994	4	500
	24	27994	4	500
	25	27994	4	500
	26	27994	4	500
	27	27987	200	500
	28	27987	200	500
	29	27987	200	500
	30	27987	200	500
	31	51001	200	500
	32	51001	200	500
	33	51001	200	500
	34	51001	200	500
	35	51001	200	500
	36	51001	200	500
	37	51001	200	500
	38	51645	1	500
	39	51645	1	500
	40	51645	1	500
	41	51645	1	500
	42	70063	6	500
	43	70063	6	500
	44	70063	6	500
	45	70063	6	500
	46	70064	6	500
	47	70064	6	500
	48	70064	6	500
	49	70064	6	500
	50	56002	8	500
	51	56002	8	500
	52	56002	8	500
	53	56002	8	500
	54	56003	8	500
	55	56003	8	500
	56	56003	8	500
	57	56003	8	500
	58	55006	5	500
	59	55006	5	500
	60	55006	5	500
	61	30600	5	500
	62	30600	5	500
	63	30600	5	500
	64	30600	10	500
	65	30601	10	500
	66	30601	10	500
	67	30601	10	500
	68	30601	10	500
	69	30622	10	500
	70	30622	10	500
	71	30622	10	500
	72	30622	10	500
	73	28530	1	400
	74	28531	1	400
	75	28537	1	400
	76	28538	1	400
	77	28541	1	400
	78	28542	1	400
	79	28543	1	400
	80	70065	1	400
	81	70065	1	400
	82	70065	1	500
	83	70065	1	500
	84	25041	6	500
	85	25041	6	500
	86	25041	6	500
	87	25041	6	500
	88	25041	6	500
	89	55009	1	500
	90	55009	1	500
	91	55009	1	500
	92	50035	1	500
	93	50035	1	500
	94	50035	1	500
	95	50035	1	500
}
Group	jefe_golem_f
{
	Level_limit	75
	Mob	60433
	Type	drop
	1	90101	3	500
	2	83018	1	500
	3	25041	1	500
	4	25041	1	500
	5	25041	1	500
	6	70063	5	500
	7	70063	5	500
	8	70064	5	500
	9	70064	5	500
	10	27992	1	500
	11	27992	1	500
	12	27992	1	500
	13	27993	1	500
	14	27993	1	500
	15	27993	1	500
	16	27994	1	500
	17	27994	1	500
	18	27994	1	500
	19	31013	3	500
	20	31013	3	500
	21	31013	3	500
	22	71202	2	500
	23	71202	2	500
	24	50126	1	500
	25	50127	1	500
	26	50035	4	500
	27	50035	200	500
}
Group	jefe_golem_m
{
	Level_limit	105
	Mob	60434
	Type	drop
	1	90101	5	500
	2	83018	1	500
	3	25041	3	500
	4	25041	3	500
	5	25041	3	500
	6	70063	8	500
	7	70063	8	500
	8	70064	8	500
	9	70064	8	500
	10	27992	2	500
	11	27992	2	500
	12	27992	2	500
	13	27993	2	500
	14	27993	2	500
	15	27993	2	500
	16	27994	2	500
	17	27994	2	500
	18	27994	2	500
	19	31013	6	500
	20	31013	6	500
	21	31013	6	500
	22	71202	3	500
	23	71202	3	500
	24	50253	1	500
	25	50266	1	500
	26	54701	1	500
	27	50035	1	500
	28	50035	1	500
	29	50035	1	500
}
Group	jefe_golem_d
{
	Level_limit	130
	Mob	60435
	Type	drop
	1	90101	6	500
	2	83018	1	500
	3	25041	5	500
	4	25041	5	500
	5	25041	5	500
	6	70063	10	500
	7	70063	10	500
	8	70064	10	500
	9	70064	10	500
	10	27992	3	500
	11	27992	3	500
	12	27992	3	500
	13	27993	3	500
	14	27993	3	500
	15	27993	3	500
	16	27994	3	500
	17	27994	3	500
	18	27994	3	500
	19	31013	9	500
	20	31013	9	500
	21	31013	9	500
	22	71202	4	500
	23	71202	4	500
	24	54700	1	500
	25	54702	1	500
	26	54703	1	500
	27	50035	200	500
	28	50035	200	500
	29	50035	200	500
	30	50035	200	500
}
Group	Metin_nieve_f
{
	Level_limit	75
	Mob	60482
	Type	drop
	1	71084	90	500
	2	71085	2	500
	3	70024	1	500
	4	51562	1	500
	5	27987	30	500
	6	50926	4	500
	7	80008	4	500
	8	70102	4	500
	9	51001	50	500
}
Group	Metin_nieve_f
{
	Level_limit	95
	Mob	60483
	Type	drop
	1	71084	130	500
	2	71085	3	500
	3	70024	2	500
	4	51562	1	500
	5	27987	80	500
	6	50926	6	500
	7	80008	6	500
	8	70102	6	500
	9	51001	75	500
}
Group	Metin_nieve_f
{
	Level_limit	130
	Mob	60484
	Type	drop
	1	71084	200	500
	2	71085	4	500
	3	70024	3	500
	4	51562	1	500
	5	27987	100	500
	6	50926	8	500
	7	80008	8	500
	8	70102	8	500
	9	51001	100	500
}
Group	Metin_Arborea
{	
	Mob	8059
	Type	drop
	1	50513	5	1000
	2	70024	2	1000
	3	71084	180	1000
	4	71085	3	335
	5	51562	4	535
	6	51001	120	535
	7	30500	1	1000
	8	30501	1	1000
	9	30502	1	1000
	10	30503	1	1000
	11	30504	1	1000
	12	30505	1	1000
	13	30506	1	1000
	14	30507	1	1000
	15	30508	1	1000
	16	30509	1	1000
	17	30510	1	1000
	18	30511	1	1000
	19	30512	1	1000
	20	30513	1	1000
	21	30514	1	1000
	22	30515	1	1000
	23	30516	1	1000
	24	30517	1	1000
	25	30611	1	1000
	26	50926	7	335
	27	80019	1	500
	28	80008	4	1000
	29	27987	15	1000
	30	70102	10	1000
	31	31013	1	300
}
Group	Dios_Ronark
{
	Level_limit	30
	Mob	6438
	Type	drop
	1	114000	1	300
	2	114000	1	300
	3	114000	1	300
	4	114000	1	300
	5	114000	1	300
	6	124000	1	300
	7	124000	1	300
	8	124000	1	300
	9	124000	1	300
	10	124000	1	300
	11	134000	1	300
	12	134000	1	300
	13	134000	1	300
	14	134000	1	300
	15	134000	1	300
	16	144000	1	300
	17	144000	1	300
	18	144000	1	300
	19	144000	1	300
	20	144000	1	300
	21	154000	1	300
	22	154000	1	300
	23	154000	1	300
	24	154000	1	300
	25	154000	1	300
	26	164000	1	300
	27	164000	1	300
	28	164000	1	300
	29	164000	1	300
	30	164000	1	300
	31	41726	1	300
	32	41727	1	300
	33	41726	1	300
	34	41727	1	300
	35	71090	1	300
	36	71090	1	300
	37	71090	1	300
	38	71090	1	300
	39	71090	1	300
	40	71090	1	300
	41	71090	1	300
	42	71090	1	300
	43	71090	1	300
	44	71090	1	300
	45	71090	1	300
	46	71090	1	300
	47	71090	1	300
	48	71090	1	300
	49	71090	1	300
	50	71090	1	300
	51	71090	1	300
	52	71090	1	300
	53	71090	1	300
	54	71090	1	300
	55	71090	1	300
	56	71090	1	300
	57	71090	1	300
	58	71090	1	300
	59	71090	1	300
	60	71090	1	300
	61	71090	1	300
	62	71090	1	300
	63	71090	1	300
	64	71090	1	300
	65	71090	1	300
	66	71090	1	300
	67	71090	1	300
	68	71090	1	300
	69	71090	1	300
	70	71090	1	300
	71	71090	1	300
	72	71090	1	300
	73	71090	1	300
	74	71090	1	300
	75	71090	1	300
	76	71090	1	300
	77	71090	1	300
	78	71090	1	300
	79	71090	1	300
	80	71090	1	300
	81	71090	1	300
	82	71090	1	300
	83	71090	1	300
	84	71090	1	300
	85	71090	1	300
	86	71090	1	300
	87	71090	1	300
	88	71090	1	300
	89	71090	1	300
	90	71090	1	300
	91	71090	1	300
	92	71090	1	300
	93	71090	1	300
	94	71090	1	300
	95	71090	1	300
	96	71090	1	300
	97	71090	1	300
	98	71090	1	300
	99	71090	1	300
	100	71090	1	300
	101	27992	10	300
	102	27992	10	300
	103	27992	10	300
	104	27992	10	300
	105	27992	10	300
	106	27992	10	300
	107	27992	10	300
	108	27992	10	300
	109	27992	10	300
	110	27992	10	300
	111	27993	10	300
	112	27993	10	300
	113	27993	10	300
	114	27993	10	300
	115	27993	10	300
	116	27993	10	300
	117	27993	10	300
	118	27993	10	300
	119	27993	10	300
	120	27993	10	300
	121	27994	10	300
	122	27994	10	300
	123	27994	10	300
	124	27994	10	300
	125	27994	10	300
	126	27994	10	300
	127	27994	10	300
	128	27994	10	300
	129	27994	10	300
	130	27994	10	300
	131	70064	1	300
	132	70064	1	300
	133	70064	1	300
	134	70064	1	300
	135	70064	1	300
	136	70064	1	300
	137	70064	1	300
	138	70064	1	300
	139	70064	1	300
	140	70064	1	300
	141	70064	1	300
	142	70064	1	300
	143	70064	1	300
	144	70064	1	300
	145	70064	1	300
	146	70064	1	300
	147	70064	1	300
	148	70064	1	300
	149	70064	1	300
	150	70064	1	300
	151	70064	1	300
	152	70064	1	300
	153	70064	1	300
	154	70064	1	300
	155	70064	1	300
	156	70064	1	300
	157	70064	1	300
	158	70064	1	300
	159	70064	1	300
	160	70064	1	300
	161	70064	1	300
	162	70064	1	300
	163	70064	1	300
	164	70064	1	300
	165	70064	1	300
	166	70064	1	300
	167	70064	1	300
	168	70064	1	300
	169	70064	1	300
	170	70064	1	300
	171	70064	1	300
	172	70064	1	300
	173	70064	1	300
	174	70064	1	300
	175	70064	1	300
	176	70064	1	300
	177	70064	1	300
	178	70064	1	300
	179	70064	1	300
	180	70064	1	300
	181	70064	1	300
	182	70064	1	300
	183	70064	1	300
	184	70064	1	300
	185	70064	1	300
	186	70064	1	300
	187	70064	1	300
	188	70064	1	300
	189	70064	1	300
	190	70064	1	300
	191	70064	1	300
	192	70064	1	300
	193	70064	1	300
	194	70064	1	300
	195	70064	1	300
	196	70064	1	300
	197	70064	1	300
	198	70064	1	300
	199	70064	1	300
	200	70064	1	300
	201	70064	1	300
	202	70064	1	300
	203	70064	1	300
	204	70064	1	300
	205	70064	1	300
	206	70064	1	300
	207	70064	1	300
	208	70064	1	300
	209	70064	1	300
	210	70064	1	300
	211	70064	1	300
	212	70064	1	300
	213	70064	1	300
	214	70064	1	300
	215	70064	1	300
	216	70064	1	300
	217	70064	1	300
	218	70064	1	300
	219	70064	1	300
	220	70064	1	300
	221	70064	1	300
	222	70064	1	300
	223	70064	1	300
	224	70064	1	300
	225	70064	1	300
	226	70064	1	300
	227	70064	1	300
	228	70064	1	300
	229	70064	1	300
	230	70064	1	300
	231	28530	3	300
	232	28531	3	300
	233	28532	3	300
	234	28533	3	300
	235	28534	3	300
	236	28535	3	300
	237	28536	3	300
	238	28537	3	300
	239	28538	3	300
	240	28539	3	300
	241	28540	3	300
	242	28541	3	300
	243	28542	3	300
	244	28543	3	300
	245	28544	3	300
	246	28530	3	300
	247	28531	3	300
	248	28532	3	300
	249	28533	3	300
	250	28534	3	300
	251	28535	3	300
	252	28536	3	300
	253	28537	3	300
	254	28538	3	300
	255	28539	3	300
	256	28540	3	300
	257	28541	3	300
	258	28542	3	300
	259	28543	3	300
	260	28544	3	300
	261	28530	3	300
	262	28531	3	300
	263	28532	3	300
	264	28533	3	300
	265	28534	3	300
	266	28535	3	300
	267	28536	3	300
	268	28537	3	300
	269	28538	3	300
	270	28539	3	300
	271	28540	3	300
	272	28541	3	300
	273	28542	3	300
	274	28543	3	300
	275	28544	3	300
	276	70064	5	300
	277	70064	5	300
	278	70064	5	300
	279	70064	5	300
	280	70064	5	300
	281	70064	5	300
	282	70064	5	300
	283	70064	5	300
	284	70064	5	300
	285	70064	5	300
	286	70064	5	300
	287	70064	5	300
	288	70064	5	300
	289	70064	5	300
	290	70064	5	300
	291	70064	5	300
	292	70064	5	300
	293	70064	5	300
	294	70064	5	300
	295	70064	5	300
	296	70064	5	300
	297	70064	5	300
}
Group	Rey_LLama
{	
	kill_drop	1
	Mob	2206
	Type	kill
	1	50075	1	300	1000
}	
Group	Rey_LLama
{	
	Mob	2206
	Type	drop
	1	50513	1	3000	
	2	147	1	3000
	3	3137	1	3000
	4	1107	1	3000
	5	2147	1	3000
	6	2147	1	3000
	7	5107	1	3000
	8	7147	1	3000
	9	11277	1	3000
	10	11477	1	3000
	11	11677	1	3000
	12	11877	1	3000
	13	13040	1	3000
	14	27007	50	3000
	15	27008	50	3000
	16	30622	1	3000
	17	30601	1	3000
	18	30600	1	3000
	19	76045	1	3000
	20	30524	2	3000
	21	31040	2	3000
	22	80019	5	3000
	23	71027	2	3000
	24	71028	2	3000
	25	71029	2	3000
	26	71030	2	3000
	27	71044	2	3000
	28	71045	2	3000
	29	70024	3	3000
}	
Group	Skouman
{	
	Mob	6405
	Type	drop
	1	30622	5	3000
	2	30601	5	3000
	3	30600	5	3000
	4	76045	5	3000
	5	80019	8	3000
	6	71027	6	3000
	7	71028	6	3000
	8	71029	6	3000
	9	71030	6	3000
	10	71044	6	3000
	11	71045	6	3000
	12	70011	5	3000
	13	50722	14	3000
	14	50723	14	3000
	15	50724	14	3000
	16	50725	14	3000
	17	50726	14	3000
	18	50727	14	3000
	19	50728	14	3000
	20	50729	14	3000
	21	50730	14	3000
	22	50731	14	3000
	23	50721	14	3000
}	
Group	Sauzo
{	
	Mob	6406
	Type	drop
	1	30622	5	3000
	2	30601	5	3000
	3	30600	5	3000
	4	76045	5	3000
	5	80019	8	3000
	6	71027	6	3000
	7	71028	6	3000
	8	71029	6	3000
	9	71030	6	3000
	10	71044	6	3000
	11	71045	6	3000
	12	70011	5	3000
	13	50722	14	3000
	14	50723	14	3000
	15	50724	14	3000
	16	50725	14	3000
	17	50726	14	3000
	18	50727	14	3000
	19	50728	14	3000
	20	50729	14	3000
	21	50730	14	3000
	22	50731	14	3000
	23	50721	14	3000
}	
Group	Eoten
{	
	Mob	6407
	Type	drop
	1	30622	5	3000
	2	30601	5	3000
	3	30600	5	3000
	4	76045	5	3000
	5	80019	8	3000
	6	71027	6	3000
	7	71028	6	3000
	8	71029	6	3000
	9	71030	6	3000
	10	71044	6	3000
	11	71045	6	3000
	12	70011	5	3000
	13	50722	14	3000
	14	50723	14	3000
	15	50724	14	3000
	16	50725	14	3000
	17	50726	14	3000
	18	50727	14	3000
	19	50728	14	3000
	20	50729	14	3000
	21	50730	14	3000
	22	50731	14	3000
	23	50721	14	3000
}	
Group	Metin_Kefren_1
{	
	Mob	8071
	Type	drop
	1	71084	200	1000
	2	71085	3	335
	3	51562	8	535
	4	51001	180	535
	5	30500	2	1000
	6	30501	2	1000
	7	30502	2	1000
	8	30503	2	1000
	9	30504	2	1000
	10	30505	2	1000
	11	30506	2	1000
	12	30507	2	1000
	13	30508	2	1000
	14	30509	2	1000
	15	30510	2	1000
	16	30511	2	1000
	17	30512	2	1000
	18	30513	2	1000
	19	30514	2	1000
	20	30515	2	1000
	21	30516	2	1000
	22	30517	2	1000
	23	30611	2	1000
	24	50926	14	335
	25	80019	6	500
	26	80008	10	1000
	27	27987	35	1000
	28	70102	10	1000
	29	31013	3	300
}	
Group	Metin_Kefren_2
{	
	Mob	8072
	Type	drop
	1	71084	200	1000
	2	71085	3	335
	3	51562	8	535
	4	51001	180	535
	5	30500	2	1000
	6	30501	2	1000
	7	30502	2	1000
	8	30503	2	1000
	9	30504	2	1000
	10	30505	2	1000
	11	30506	2	1000
	12	30507	2	1000
	13	30508	2	1000
	14	30509	2	1000
	15	30510	2	1000
	16	30511	2	1000
	17	30512	2	1000
	18	30513	2	1000
	19	30514	2	1000
	20	30515	2	1000
	21	30516	2	1000
	22	30517	2	1000
	23	30611	2	1000
	24	50926	14	335
	25	80019	6	500
	26	80008	10	1000
	27	27987	35	1000
	28	70102	10	1000
	29	31013	3	300
}	
Group	Metin_Kefren_3
{	
	Mob	8073
	Type	drop
	1	71084	200	1000
	2	71085	3	335
	3	51562	8	535
	4	51001	180	535
	5	30500	2	1000
	6	30501	2	1000
	7	30502	2	1000
	8	30503	2	1000
	9	30504	2	1000
	10	30505	2	1000
	11	30506	2	1000
	12	30507	2	1000
	13	30508	2	1000
	14	30509	2	1000
	15	30510	2	1000
	16	30511	2	1000
	17	30512	2	1000
	18	30513	2	1000
	19	30514	2	1000
	20	30515	2	1000
	21	30516	2	1000
	22	30517	2	1000
	23	30611	2	1000
	24	50926	14	335
	25	80019	6	500
	26	80008	10	1000
	27	27987	35	1000
	28	70102	10	1000
	29	31013	3	300
}	
Group	Boss_Kefren_1
{	
	kill_drop	1
	Mob	4026
	Type	kill
	1	33028	1	300	1000
}	
Group	Boss_Kefren_1
{	
	Mob	4026
	Type	drop
	1	71015	1	1000
	2	71015	1	1000
	3	71016	1	1000
	4	71016	1	1000
	5	71017	1	1000
	6	71017	1	1000
	7	70063	12	1000
	8	70064	12	1000
	9	25041	3	1000
	10	25041	3	1000
	11	25041	3	1000
	12	31013	3	1000
	13	31013	3	1000
	14	31013	3	1000
	15	56003	8	1000
	16	50263	1	1000
	17	50264	1	1000
	18	39063	2	1000
}	
Group	Boss_Kefren_2
{	
	kill_drop	1
	Mob	4027
	Type	kill
	1	33028	1	300	1000
}	
Group	Boss_Kefren_2
{	
	Mob	4027
	Type	drop
	1	71015	1	1000
	2	71015	1	1000
	3	71016	1	1000
	4	71016	1	1000
	5	71017	1	1000
	6	71017	1	1000
	7	70063	12	1000
	8	70064	12	1000
	9	25041	3	1000
	10	25041	3	1000
	11	25041	3	1000
	12	31013	3	1000
	13	31013	3	1000
	14	31013	3	1000
	15	56003	8	1000
	16	50263	1	1000
	17	50264	1	1000
	18	39063	2	1000
}	
Group	Boss_Kefren_3
{	
	kill_drop	1
	Mob	4028
	Type	kill
	1	33028	1	300	1000
}	
Group	Boss_Kefren_3
{	
	Mob	4028
	Type	drop
	1	71015	1	1000
	2	71015	1	1000
	3	71016	1	1000
	4	71016	1	1000
	5	71017	1	1000
	6	71017	1	1000
	7	70063	12	1000
	8	70064	12	1000
	9	25041	3	1000
	10	25041	3	1000
	11	25041	3	1000
	12	31013	3	1000
	13	31013	3	1000
	14	31013	3	1000
	15	56003	8	1000
	16	50263	1	1000
	17	50264	1	1000
	18	39063	2	1000
}	
Group	jefe_lamdascua_f
{
	Level_limit	75
	Mob	60557
	Type	drop
	1	71150	2	500
	2	83018	1	500
	3	25041	1	500
	4	25041	1	500
	5	25041	1	500
	6	70063	5	500
	7	70063	5	500
	8	70064	5	500
	9	70064	5	500
	10	27992	1	500
	11	27992	1	500
	12	27992	1	500
	13	27993	1	500
	14	27993	1	500
	15	27993	1	500
	16	27994	1	500
	17	27994	1	500
	18	27994	1	500
	19	31013	3	500
	20	31013	3	500
	21	31013	3	500
	22	71202	2	500
	23	71202	2	500
	24	50126	1	500
	25	50127	1	500
	26	50035	4	500
	27	50035	200	500
}
Group	jefe_lamdascua_m
{
	Level_limit	105
	Mob	60558
	Type	drop
	1	71150	3	500
	2	83018	1	500
	3	25041	3	500
	4	25041	3	500
	5	25041	3	500
	6	70063	8	500
	7	70063	8	500
	8	70064	8	500
	9	70064	8	500
	10	27992	2	500
	11	27992	2	500
	12	27992	2	500
	13	27993	2	500
	14	27993	2	500
	15	27993	2	500
	16	27994	2	500
	17	27994	2	500
	18	27994	2	500
	19	31013	6	500
	20	31013	6	500
	21	31013	6	500
	22	71202	3	500
	23	71202	3	500
	24	50253	1	500
	25	50266	1	500
	26	54701	1	500
	27	50035	1	500
	28	50035	1	500
	29	50035	1	500
}
Group	jefe_lamdascua_d
{
	Level_limit	130
	Mob	60559
	Type	drop
	1	71150	4	500
	2	83018	1	500
	3	25041	5	500
	4	25041	5	500
	5	25041	5	500
	6	70063	10	500
	7	70063	10	500
	8	70064	10	500
	9	70064	10	500
	10	27992	3	500
	11	27992	3	500
	12	27992	3	500
	13	27993	3	500
	14	27993	3	500
	15	27993	3	500
	16	27994	3	500
	17	27994	3	500
	18	27994	3	500
	19	31013	9	500
	20	31013	9	500
	21	31013	9	500
	22	71202	4	500
	23	71202	4	500
	24	50270	1	500
	25	54704	1	500
	26	54705	1	500
	27	50035	200	500
	28	50035	200	500
	29	50035	200	500
	30	50035	200	500
}
Group	Metin_Lamdascua_f
{
	Level_limit	75
	Mob	60563
	Type	drop
	1	71084	90	500
	2	71085	2	500
	3	70024	1	500
	4	51562	15	500
	5	27987	20	500
	6	50926	4	500
	7	80008	4	500
	8	70102	4	500
	9	51001	30	500
}
Group	Metin_Lamdascua_m
{
	Level_limit	95
	Mob	60564
	Type	drop
	1	71084	130	500
	2	71085	3	500
	3	70024	2	500
	4	51562	15	500
	5	27987	35	500
	6	50926	6	500
	7	80008	6	500
	8	70102	6	500
	9	51001	45	500
}
Group	Metin_Lamdascua_d
{
	Level_limit	130
	Mob	60565
	Type	drop
	1	71084	200	500
	2	71085	4	500
	3	70024	3	500
	4	51562	15	500
	5	27987	50	500
	6	50926	8	500
	7	80008	8	500
	8	70102	8	500
	9	51001	60	500
}
Group	Metin_Lamdascua_f_2
{
	Level_limit	75
	Mob	60566
	Type	drop
	1	71084	90	500
	2	71085	2	500
	3	70024	1	500
	4	51562	15	500
	5	27987	20	500
	6	50926	4	500
	7	80008	4	500
	8	70102	4	500
	9	51001	30	500
}
Group	Metin_Lamdascua_m_2
{
	Level_limit	95
	Mob	60567
	Type	drop
	1	71084	130	500
	2	71085	3	500
	3	70024	2	500
	4	51562	15	500
	5	27987	35	500
	6	50926	6	500
	7	80008	6	500
	8	70102	6	500
	9	51001	45	500
}
Group	Metin_Lamdascua_d_2
{
	Level_limit	130
	Mob	60568
	Type	drop
	1	71084	200	500
	2	71085	4	500
	3	70024	3	500
	4	51562	15	500
	5	27987	50	500
	6	50926	8	500
	7	80008	8	500
	8	70102	8	500
	9	51001	60	500
}
Group	Diosa_Serpent
{
	Level_limit	150
	Mob	60597
	Type	drop
	1	53704	1	500
	2	53704	1	500
	3	53704	1	500
	4	53704	1	500
	5	53714	1	500
	6	51645	1	500
	7	51645	1	500
	8	51645	1	500
	9	25041	3	500
	10	25041	3	500
	11	25041	3	500
	12	25041	3	500
	13	55009	1	500
	14	55009	1	500
	15	30622	5	500
	16	30622	5	500
	17	30622	5	500
	18	30622	5	500
	19	30601	5	500
	20	30601	5	500
	21	30601	5	500
	22	30601	5	500
	23	30600	5	500
	24	30600	5	500
	25	30600	5	500
	26	30600	5	500
	27	76045	5	500
	28	76045	5	500
	29	76045	5	500
	30	100500	2	500
	31	100500	2	500
	32	100500	2	500
	33	71302	5	500
	34	71302	5	500
	35	71302	5	500
	36	71302	5	500
	37	71302	5	500
	38	71302	5	500
	39	71302	5	500
	40	71302	5	500
	41	71302	5	500
	42	71302	5	500
	43	71302	5	500
	44	71302	5	500
	45	71302	5	500
	46	71302	5	500
	47	71302	5	500
	48	71302	5	500
	49	71302	5	500
	50	71302	5	500
	51	71302	5	500
	52	71302	5	500
	53	71302	5	500
	54	71302	5	500
	55	71302	5	500
	56	71302	5	500
	57	71302	5	500
	58	71301	5	500
	59	71301	5	500
	60	71301	5	500
	61	71301	5	500
	62	71301	5	500
	63	71301	5	500
	64	71301	5	500
	65	71301	5	500
	66	71301	5	500
	67	71301	5	500
	68	71301	5	500
	69	71301	5	500
	70	71301	5	500
	71	71301	5	500
	72	71301	5	500
	73	71301	5	500
	74	71301	5	500
	75	71301	5	500
	76	71301	5	500
	77	71301	5	500
	78	71301	5	500
	79	71301	5	500
	80	71301	5	500
	81	71301	5	500
	82	71301	5	500
	83	71301	5	500
	84	71301	5	500
	85	71301	5	500
	86	71301	5	500
	87	71301	5	500
	88	71301	5	500
	89	71301	5	500
	90	71301	5	500
	91	71301	5	500
	92	71301	5	500
	93	71301	5	500
	94	71202	2	500
	95	53777	1	500
	96	53706	3	500
	97	53706	3	500
	98	53706	3	500
}
Group	Dios_Creador_1
{
	Level_limit	150
	Mob	60655
	Type	drop
	1	25041	3	500
	2	25041	3	500
	3	25041	3	500
	4	51645	1	500
	5	51645	1	500
	6	55009	1	500
	7	55009	1	500
	8	30622	3	500
	9	30622	3	500
	10	30622	3	500
	11	30601	3	500
	12	30601	3	500
	13	30601	3	500
	14	30600	3	500
	15	30600	3	500
	16	30600	3	500
	17	76045	3	500
	18	76045	3	500
	19	100500	1	500
	20	100500	1	500
	21	71302	5	500
	22	71302	5	500
	23	71302	5	500
	24	71302	5	500
	25	71301	5	500
	26	71301	5	500
	27	71301	5	500
	28	71301	5	500
	29	50040	2	500
}
Group	Dios_Creador_2
{
	Level_limit	150
	Mob	60667
	Type	drop
	1	25041	3	500
	2	25041	3	500
	3	25041	3	500
	4	51645	1	500
	5	51645	1	500
	6	55009	1	500
	7	55009	1	500
	8	30622	3	500
	9	30622	3	500
	10	30622	3	500
	11	30601	3	500
	12	30601	3	500
	13	30601	3	500
	14	30600	3	500
	15	30600	3	500
	16	30600	3	500
	17	76045	3	500
	18	76045	3	500
	19	100500	1	500
	20	100500	1	500
	21	71302	5	500
	22	71302	5	500
	23	71302	5	500
	24	71302	5	500
	25	71301	5	500
	26	71301	5	500
	27	71301	5	500
	28	71301	5	500
	29	50040	2	500
}
Group	Dios_Creador_3
{
	Level_limit	150
	Mob	60656
	Type	drop
	1	25041	3	500
	2	25041	3	500
	3	25041	3	500
	4	51645	1	500
	5	51645	1	500
	6	55009	1	500
	7	55009	1	500
	8	30622	3	500
	9	30622	3	500
	10	30622	3	500
	11	30601	3	500
	12	30601	3	500
	13	30601	3	500
	14	30600	3	500
	15	30600	3	500
	16	30600	3	500
	17	76045	3	500
	18	76045	3	500
	19	100500	1	500
	20	100500	1	500
	21	71302	5	500
	22	71302	5	500
	23	71302	5	500
	24	71302	5	500
	25	71301	5	500
	26	71301	5	500
	27	71301	5	500
	28	71301	5	500
	29	50039	2	500
}
Group	Dios_Creador_4
{
	Level_limit	150
	Mob	60668
	Type	drop
	1	25041	3	500
	2	25041	3	500
	3	25041	3	500
	4	51645	1	500
	5	51645	1	500
	6	55009	1	500
	7	55009	1	500
	8	30622	3	500
	9	30622	3	500
	10	30622	3	500
	11	30601	3	500
	12	30601	3	500
	13	30601	3	500
	14	30600	3	500
	15	30600	3	500
	16	30600	3	500
	17	76045	3	500
	18	76045	3	500
	19	100500	1	500
	20	100500	1	500
	21	71302	5	500
	22	71302	5	500
	23	71302	5	500
	24	71302	5	500
	25	71301	5	500
	26	71301	5	500
	27	71301	5	500
	28	71301	5	500
	29	50039	2	500
}
Group	Metin_Serpent
{	
	Mob	60587
	Type	drop
	1	71084	200	1000
	2	71085	3	335
	3	51562	8	535
	4	51001	180	535
	5	30500	2	1000
	6	30501	2	1000
	7	30502	2	1000
	8	30503	2	1000
	9	30504	2	1000
	10	30505	2	1000
	11	30506	2	1000
	12	30507	2	1000
	13	30508	2	1000
	14	30509	2	1000
	15	30510	2	1000
	16	30511	2	1000
	17	30512	2	1000
	18	30513	2	1000
	19	30514	2	1000
	20	30515	2	1000
	21	30516	2	1000
	22	30517	2	1000
	23	30611	2	1000
	24	50926	14	335
	25	80019	6	500
	26	80008	10	1000
	27	53700	6	1000
	28	70102	10	1000
	29	31013	3	300
}	