//type	cx	cy	sx	sy	z	dir	time	percent	count	vnum
//----------------------------------------------------------
r	121	228	30	30	0	0	90s	100	1	504
r	127	236	30	30	0	0	90s	100	1	504
r	133	234	30	30	0	0	90s	100	1	504
r	145	240	30	30	0	0	90s	100	1	504
r	160	243	30	30	0	0	90s	100	1	504
r	171	254	30	30	0	0	90s	100	1	504
r	187	250	30	30	0	0	90s	100	1	504
r	200	255	30	30	0	0	90s	100	1	504
r	210	243	30	30	0	0	90s	100	1	504
r	212	229	30	30	0	0	90s	100	1	504
r	218	211	30	30	0	0	90s	100	1	504
r	213	199	30	30	0	0	90s	100	1	504
r	210	185	30	30	0	0	90s	100	1	504
r	200	179	30	30	0	0	90s	100	1	504
r	183	175	30	30	0	0	90s	100	1	504
r	167	175	30	30	0	0	90s	100	1	504
r	161	183	30	30	0	0	90s	100	1	504
r	183	187	30	30	0	0	90s	100	1	504
r	197	189	30	30	0	0	90s	100	1	504
r	206	202	30	30	0	0	90s	100	1	504
r	204	221	30	30	0	0	90s	100	1	504
r	194	234	30	30	0	0	90s	100	1	504
r	175	233	30	30	0	0	90s	100	1	504
r	163	229	30	30	0	0	90s	100	1	504
r	150	228	30	30	0	0	90s	100	1	504
r	132	221	30	30	0	0	90s	100	1	504
r	141	210	30	30	0	0	90s	100	1	504
r	160	209	30	30	0	0	90s	100	1	504
r	169	195	30	30	0	0	90s	100	1	504
r	183	198	30	30	0	0	90s	100	1	504
r	193	208	30	30	0	0	90s	100	1	504
r	194	223	30	30	0	0	90s	100	1	504
r	180	226	30	30	0	0	90s	100	1	504
r	172	214	30	30	0	0	90s	100	1	504
r	129	209	30	30	0	0	90s	100	1	504
r	105	193	30	30	0	0	90s	100	1	504
r	118	184	30	30	0	0	90s	100	1	504
r	135	174	30	30	0	0	90s	100	1	504
r	133	162	30	30	0	0	90s	100	1	504
r	124	185	30	30	0	0	90s	100	1	504
r	103	178	30	30	0	0	90s	100	1	504
r	112	170	30	30	0	0	90s	100	1	504
r	119	162	30	30	0	0	90s	100	1	504
r	122	149	30	30	0	0	90s	100	1	504
r	111	146	30	30	0	0	90s	100	1	504
r	104	153	30	30	0	0	90s	100	1	504
r	93	158	30	30	0	0	90s	100	1	504
r	81	160	30	30	0	0	90s	100	1	504
r	133	141	30	30	0	0	90s	100	1	504
r	150	134	30	30	0	0	90s	100	1	504
r	151	144	30	30	0	0	90s	100	1	504
r	139	156	30	30	0	0	90s	100	1	504
r	170	166	30	30	0	0	90s	100	1	504
r	160	132	30	30	0	0	90s	100	1	504
r	158	120	30	30	0	0	90s	100	1	504
r	200	115	30	30	0	0	90s	100	1	504
r	212	118	30	30	0	0	90s	100	1	504
r	225	122	30	30	0	0	90s	100	1	504
r	236	128	30	30	0	0	90s	100	1	504
r	247	138	30	30	0	0	90s	100	1	504
r	249	133	30	30	0	0	90s	100	1	504
r	252	124	30	30	0	0	90s	100	1	504
r	209	185	30	30	0	0	90s	100	1	504
r	205	193	30	30	0	0	90s	100	1	504
r	205	275	30	30	0	0	90s	100	1	504
r	197	278	30	30	0	0	90s	100	1	504
r	205	294	30	30	0	0	90s	100	1	504
r	199	305	30	30	0	0	90s	100	1	504
r	206	284	30	30	0	0	90s	100	1	504
r	219	277	30	30	0	0	90s	100	1	504
r	229	280	30	30	0	0	90s	100	1	504
r	229	259	30	30	0	0	90s	100	1	504
r	235	235	30	30	0	0	90s	100	1	504
r	212	258	30	30	0	0	90s	100	1	504
r	175	218	30	30	0	0	90s	100	1	504
r	144	219	30	30	0	0	90s	100	1	504
r	159	201	30	30	0	0	90s	100	1	504
r	184	253	30	30	0	0	90s	100	1	504
r	238	173	30	30	0	0	90s	100	1	504
r	249	190	30	30	0	0	90s	100	1	504
r	261	206	30	30	0	0	90s	100	1	504
r	272	225	30	30	0	0	90s	100	1	504
r	283	239	30	30	0	0	90s	100	1	504
r	272	250	30	30	0	0	90s	100	1	504
r	267	268	30	30	0	0	90s	100	1	504
r	267	242	30	30	0	0	90s	100	1	504
r	277	218	30	30	0	0	90s	100	1	504
r	277	199	30	30	0	0	90s	100	1	504
r	267	220	30	30	0	0	90s	100	1	504
r	252	196	30	30	0	0	90s	100	1	504
r	241	181	30	30	0	0	90s	100	1	504
r	228	162	30	30	0	0	90s	100	1	504
r	227	151	30	30	0	0	90s	100	1	504
r	222	150	30	30	0	0	90s	100	1	504
r	210	144	30	30	0	0	90s	100	1	504
r	202	141	30	30	0	0	90s	100	1	504
r	177	141	30	30	0	0	90s	100	1	504
r	161	158	30	30	0	0	90s	100	1	504
r	150	171	30	30	0	0	90s	100	1	504
r	139	190	30	30	0	0	90s	100	1	504
r	173	150	30	30	0	0	90s	100	1	504
r	192	142	30	30	0	0	90s	100	1	504
r	286	127	30	30	0	0	90s	100	1	504
r	290	145	30	30	0	0	90s	100	1	504
r	298	155	30	30	0	0	90s	100	1	504
r	304	143	30	30	0	0	90s	100	1	504
r	299	127	30	30	0	0	90s	100	1	504
r	308	126	30	30	0	0	90s	100	1	504
r	321	126	30	30	0	0	90s	100	1	504
r	328	130	30	30	0	0	90s	100	1	504
r	339	137	30	30	0	0	90s	100	1	504
r	356	148	30	30	0	0	90s	100	1	504
r	359	153	30	30	0	0	90s	100	1	504
r	357	166	30	30	0	0	90s	100	1	504
r	351	175	30	30	0	0	90s	100	1	504
r	340	181	30	30	0	0	90s	100	1	504
r	322	172	30	30	0	0	90s	100	1	504
r	306	164	30	30	0	0	90s	100	1	504
r	310	151	30	30	0	0	90s	100	1	504
r	318	153	30	30	0	0	90s	100	1	504
r	317	166	30	30	0	0	90s	100	1	504
r	331	150	30	30	0	0	90s	100	1	504
r	340	157	30	30	0	0	90s	100	1	504
r	336	168	30	30	0	0	90s	100	1	504
r	332	170	30	30	0	0	90s	100	1	504
r	311	137	30	30	0	0	90s	100	1	504
r	369	154	30	30	0	0	90s	100	1	504
r	389	149	30	30	0	0	90s	100	1	504
r	400	147	30	30	0	0	90s	100	1	504
r	407	174	30	30	0	0	90s	100	1	504
r	384	183	30	30	0	0	90s	100	1	504
r	371	201	30	30	0	0	90s	100	1	504
r	368	218	30	30	0	0	90s	100	1	504
r	371	236	30	30	0	0	90s	100	1	504
r	369	248	30	30	0	0	90s	100	1	504
r	366	263	30	30	0	0	90s	100	1	504
r	365	277	30	30	0	0	90s	100	1	504
r	365	293	30	30	0	0	90s	100	1	504
r	362	296	30	30	0	0	90s	100	1	504
r	345	282	30	30	0	0	90s	100	1	504
r	334	283	30	30	0	0	90s	100	1	504
r	326	292	30	30	0	0	90s	100	1	504
r	310	301	30	30	0	0	90s	100	1	504
r	299	306	30	30	0	0	90s	100	1	504
r	317	301	30	30	0	0	90s	100	1	504
r	331	300	30	30	0	0	90s	100	1	504
r	340	302	30	30	0	0	90s	100	1	504
r	326	273	30	30	0	0	90s	100	1	504
r	323	261	30	30	0	0	90s	100	1	504
r	306	257	30	30	0	0	90s	100	1	504
r	295	253	30	30	0	0	90s	100	1	504
r	330	257	30	30	0	0	90s	100	1	504
r	349	252	30	30	0	0	90s	100	1	504
r	357	256	30	30	0	0	90s	100	1	504
r	339	272	30	30	0	0	90s	100	1	504
r	352	270	30	30	0	0	90s	100	1	504
r	308	285	30	30	0	0	90s	100	1	504
r	286	294	30	30	0	0	90s	100	1	504
r	297	267	30	30	0	0	90s	100	1	504
r	314	258	30	30	0	0	90s	100	1	504
r	355	233	30	30	0	0	90s	100	1	504
r	358	215	30	30	0	0	90s	100	1	504
r	272	302	30	30	0	0	90s	100	1	504
r	257	308	30	30	0	0	90s	100	1	504
r	247	321	30	30	0	0	90s	100	1	504
r	268	323	30	30	0	0	90s	100	1	504
r	269	337	30	30	0	0	90s	100	1	504
r	376	170	30	30	0	0	90s	100	1	504
r	415	160	30	30	0	0	90s	100	1	504
r	446	152	30	30	0	0	90s	100	1	504
r	429	132	30	30	0	0	90s	100	1	504
r	464	110	30	30	0	0	90s	100	1	504
r	456	126	30	30	0	0	90s	100	1	504
r	460	99	30	30	0	0	90s	100	1	504
r	429	162	30	30	0	0	90s	100	1	504
r	465	162	30	30	0	0	90s	100	1	504
r	493	166	30	30	0	0	90s	100	1	504
r	459	139	30	30	0	0	90s	100	1	504
r	444	138	30	30	0	0	90s	100	1	504
r	453	115	30	30	0	0	90s	100	1	504
r	466	87	30	30	0	0	90s	100	1	505
r	488	72	30	30	0	0	90s	100	1	505
r	500	68	30	30	0	0	90s	100	1	505
r	486	91	30	30	0	0	90s	100	1	505
r	474	100	30	30	0	0	90s	100	1	505
r	499	92	30	30	0	0	90s	100	1	505
r	511	88	30	30	0	0	90s	100	1	505
r	531	86	30	30	0	0	90s	100	1	505
r	554	93	30	30	0	0	90s	100	1	505
r	564	103	30	30	0	0	90s	100	1	505
r	563	115	30	30	0	0	90s	100	1	505
r	542	124	30	30	0	0	90s	100	1	505
r	534	132	30	30	0	0	90s	100	1	505
r	532	149	30	30	0	0	90s	100	1	505
r	541	161	30	30	0	0	90s	100	1	505
r	513	163	30	30	0	0	90s	100	1	505
r	513	148	30	30	0	0	90s	100	1	505
r	522	142	30	30	0	0	90s	100	1	505
r	574	92	30	30	0	0	90s	100	1	505
r	571	110	30	30	0	0	90s	100	1	505
r	547	97	30	30	0	0	90s	100	1	505
r	562	86	30	30	0	0	90s	100	1	505
r	547	79	30	30	0	0	90s	100	1	505
r	535	86	30	30	0	0	90s	100	1	505
r	516	94	30	30	0	0	90s	100	1	505
r	514	93	30	30	0	0	90s	100	1	505
r	520	75	30	30	0	0	90s	100	1	505
r	505	78	30	30	0	0	90s	100	1	505
r	490	69	30	30	0	0	90s	100	1	505
r	475	83	30	30	0	0	90s	100	1	505
r	473	104	30	30	0	0	90s	100	1	505
r	453	119	30	30	0	0	90s	100	1	505
r	433	124	30	30	0	0	90s	100	1	505
r	485	156	30	30	0	0	90s	100	1	505
r	517	156	30	30	0	0	90s	100	1	505
r	544	181	30	30	0	0	90s	100	1	505
r	530	185	30	30	0	0	90s	100	1	505
r	519	191	30	30	0	0	90s	100	1	505
r	534	195	30	30	0	0	90s	100	1	505
r	543	194	30	30	0	0	90s	100	1	505
r	528	209	30	30	0	0	90s	100	1	505
r	524	210	30	30	0	0	90s	100	1	505
r	543	218	30	30	0	0	90s	100	1	505
r	535	232	30	30	0	0	90s	100	1	505
r	530	248	30	30	0	0	90s	100	1	505
r	527	259	30	30	0	0	90s	100	1	505
r	516	266	30	30	0	0	90s	100	1	505
r	525	288	30	30	0	0	90s	100	1	505
r	524	312	30	30	0	0	90s	100	1	505
r	519	322	30	30	0	0	90s	100	1	505
r	531	335	30	30	0	0	90s	100	1	505
r	538	337	30	30	0	0	90s	100	1	505
r	541	340	30	30	0	0	90s	100	1	505
r	433	191	30	30	0	0	90s	100	1	505
r	410	198	30	30	0	0	90s	100	1	505
r	430	217	30	30	0	0	90s	100	1	505
r	413	221	30	30	0	0	90s	100	1	505
r	435	231	30	30	0	0	90s	100	1	505
r	406	237	30	30	0	0	90s	100	1	505
r	439	243	30	30	0	0	90s	100	1	505
r	406	253	30	30	0	0	90s	100	1	505
r	437	259	30	30	0	0	90s	100	1	505
r	402	267	30	30	0	0	90s	100	1	505
r	436	276	30	30	0	0	90s	100	1	505
r	403	283	30	30	0	0	90s	100	1	505
r	411	305	30	30	0	0	90s	100	1	505
r	411	323	30	30	0	0	90s	100	1	505
r	410	341	30	30	0	0	90s	100	1	505
r	409	355	30	30	0	0	90s	100	1	505
r	408	367	30	30	0	0	90s	100	1	505
r	429	361	30	30	0	0	90s	100	1	505
r	431	347	30	30	0	0	90s	100	1	505
r	432	331	30	30	0	0	90s	100	1	505
r	436	311	30	30	0	0	90s	100	1	505
r	439	290	30	30	0	0	90s	100	1	505
r	428	260	30	30	0	0	90s	100	1	505
r	420	283	30	30	0	0	90s	100	1	505
r	419	314	30	30	0	0	90s	100	1	505
r	419	348	30	30	0	0	90s	100	1	505
r	417	358	30	30	0	0	90s	100	1	505
r	420	261	30	30	0	0	90s	100	1	505
r	421	235	30	30	0	0	90s	100	1	505
r	431	384	30	30	0	0	90s	100	1	505
r	420	402	30	30	0	0	90s	100	1	505
r	409	424	30	30	0	0	90s	100	1	505
r	415	444	30	30	0	0	90s	100	1	505
r	402	473	30	30	0	0	90s	100	1	505
r	399	482	30	30	0	0	90s	100	1	505
r	368	483	30	30	0	0	90s	100	1	505
r	390	447	30	30	0	0	90s	100	1	505
r	397	431	30	30	0	0	90s	100	1	505
r	390	432	30	30	0	0	90s	100	1	505
r	356	456	30	30	0	0	90s	100	1	505
r	342	458	30	30	0	0	90s	100	1	505
r	310	474	30	30	0	0	90s	100	1	505
r	286	481	30	30	0	0	90s	100	1	505
r	328	494	30	30	0	0	90s	100	1	505
r	305	521	30	30	0	0	90s	100	1	505
r	302	536	30	30	0	0	90s	100	1	505
r	351	526	30	30	0	0	90s	100	1	505
r	373	506	30	30	0	0	90s	100	1	505
r	387	478	30	30	0	0	90s	100	1	505
r	395	455	30	30	0	0	90s	100	1	505
r	400	445	30	30	0	0	90s	100	1	505
r	365	461	30	30	0	0	90s	100	1	505
r	386	431	30	30	0	0	90s	100	1	505
r	352	432	30	30	0	0	90s	100	1	505
r	319	431	30	30	0	0	90s	100	1	505
r	375	493	30	30	0	0	90s	100	1	505
r	349	506	30	30	0	0	90s	100	1	505
r	403	516	30	30	0	0	90s	100	1	505
r	423	522	30	30	0	0	90s	100	1	505
r	440	512	30	30	0	0	90s	100	1	505
r	437	532	30	30	0	0	90s	100	1	505
r	415	555	30	30	0	0	90s	100	1	505
r	407	567	30	30	0	0	90s	100	1	505
r	435	543	30	30	0	0	90s	100	1	505
r	433	564	30	30	0	0	90s	100	1	505
r	436	575	30	30	0	0	90s	100	1	505
r	448	531	30	30	0	0	90s	100	1	505
r	449	562	30	30	0	0	90s	100	1	505
r	453	577	30	30	0	0	90s	100	1	505
r	462	540	30	30	0	0	90s	100	1	505
r	473	563	30	30	0	0	90s	100	1	505
r	486	571	30	30	0	0	90s	100	1	505
r	528	454	30	30	0	0	90s	100	1	505
r	526	484	30	30	0	0	90s	100	1	505
r	528	498	30	30	0	0	90s	100	1	505
r	503	469	30	30	0	0	90s	100	1	505
r	516	476	30	30	0	0	90s	100	1	505
r	524	472	30	30	0	0	90s	100	1	505
r	530	468	30	30	0	0	90s	100	1	505
r	528	434	30	30	0	0	90s	100	1	505
r	516	429	30	30	0	0	90s	100	1	505
r	508	434	30	30	0	0	90s	100	1	505
r	521	410	30	30	0	0	90s	100	1	505
r	527	400	30	30	0	0	90s	100	1	505
r	536	378	30	30	0	0	90s	100	1	505
r	543	362	30	30	0	0	90s	100	1	505
r	540	339	30	30	0	0	90s	100	1	505
r	528	340	30	30	0	0	90s	100	1	505
r	527	370	30	30	0	0	90s	100	1	505
r	520	397	30	30	0	0	90s	100	1	505
r	540	383	30	30	0	0	90s	100	1	505
r	564	363	30	30	0	0	90s	100	1	505
r	573	360	30	30	0	0	90s	100	1	505
r	529	361	30	30	0	0	90s	100	1	505
r	554	369	30	30	0	0	90s	100	1	505
r	551	340	30	30	0	0	90s	100	1	505
r	609	348	30	30	0	0	90s	100	1	505
r	582	366	30	30	0	0	90s	100	1	505
r	608	370	30	30	0	0	90s	100	1	505
r	595	374	30	30	0	0	90s	100	1	505
r	535	516	30	30	0	0	90s	100	1	505
r	522	556	30	30	0	0	90s	100	1	505
r	516	602	30	30	0	0	90s	100	1	505
r	507	627	30	30	0	0	90s	100	1	505
r	472	623	30	30	0	0	90s	100	1	505
r	487	590	30	30	0	0	90s	100	1	505
r	506	559	30	30	0	0	90s	100	1	505
r	533	506	30	30	0	0	90s	100	1	505
r	509	568	30	30	0	0	90s	100	1	505
r	496	612	30	30	0	0	90s	100	1	505
r	521	545	30	30	0	0	90s	100	1	505
r	529	525	30	30	0	0	90s	100	1	505
r	491	559	30	30	0	0	90s	100	1	505
r	522	514	30	30	0	0	90s	100	1	506
r	510	528	30	30	0	0	90s	100	1	506
r	486	562	30	30	0	0	90s	100	1	506
r	481	569	30	30	0	0	90s	100	1	506
r	511	538	30	30	0	0	90s	100	1	506
r	500	563	30	30	0	0	90s	100	1	506
r	501	587	30	30	0	0	90s	100	1	506
r	506	595	30	30	0	0	90s	100	1	506
r	513	588	30	30	0	0	90s	100	1	506
r	506	601	30	30	0	0	90s	100	1	506
r	487	535	30	30	0	0	90s	100	1	506
r	475	550	30	30	0	0	90s	100	1	506
r	499	537	30	30	0	0	90s	100	1	506
r	492	517	30	30	0	0	90s	100	1	506
r	470	532	30	30	0	0	90s	100	1	506
r	425	551	30	30	0	0	90s	100	1	506
r	399	564	30	30	0	0	90s	100	1	506
r	376	576	30	30	0	0	90s	100	1	506
r	412	545	30	30	0	0	90s	100	1	506
r	431	522	30	30	0	0	90s	100	1	506
r	448	509	30	30	0	0	90s	100	1	506
r	451	540	30	30	0	0	90s	100	1	506
r	429	559	30	30	0	0	90s	100	1	506
r	414	574	30	30	0	0	90s	100	1	506
r	463	573	30	30	0	0	90s	100	1	506
r	465	573	30	30	0	0	90s	100	1	506
r	397	507	30	30	0	0	90s	100	1	506
r	402	492	30	30	0	0	90s	100	1	506
r	423	482	30	30	0	0	90s	100	1	506
r	414	462	30	30	0	0	90s	100	1	506
r	408	425	30	30	0	0	90s	100	1	506
r	380	439	30	30	0	0	90s	100	1	506
r	364	443	30	30	0	0	90s	100	1	506
r	356	410	30	30	0	0	90s	100	1	506
r	347	390	30	30	0	0	90s	100	1	506
r	336	368	30	30	0	0	90s	100	1	506
r	319	404	30	30	0	0	90s	100	1	506
r	297	436	30	30	0	0	90s	100	1	506
r	290	455	30	30	0	0	90s	100	1	506
r	274	472	30	30	0	0	90s	100	1	506
r	305	453	30	30	0	0	90s	100	1	506
r	321	450	30	30	0	0	90s	100	1	506
r	342	442	30	30	0	0	90s	100	1	506
r	336	421	30	30	0	0	90s	100	1	506
r	331	396	30	30	0	0	90s	100	1	506
r	327	368	30	30	0	0	90s	100	1	506
r	326	365	30	30	0	0	90s	100	1	506
r	307	409	30	30	0	0	90s	100	1	506
r	293	428	30	30	0	0	90s	100	1	506
r	281	457	30	30	0	0	90s	100	1	506
r	289	463	30	30	0	0	90s	100	1	506
r	340	445	30	30	0	0	90s	100	1	506
r	354	426	30	30	0	0	90s	100	1	506
r	356	388	30	30	0	0	90s	100	1	506
r	352	371	30	30	0	0	90s	100	1	506
r	345	361	30	30	0	0	90s	100	1	506
r	332	399	30	30	0	0	90s	100	1	506
r	314	439	30	30	0	0	90s	100	1	506
r	333	456	30	30	0	0	90s	100	1	506
r	319	464	30	30	0	0	90s	100	1	506
r	312	468	30	30	0	0	90s	100	1	506
r	350	422	30	30	0	0	90s	100	1	506
r	363	431	30	30	0	0	90s	100	1	506
r	372	425	30	30	0	0	90s	100	1	506
r	333	468	30	30	0	0	90s	100	1	506
r	372	465	30	30	0	0	90s	100	1	506
r	359	477	30	30	0	0	90s	100	1	506
r	340	491	30	30	0	0	90s	100	1	506
r	335	493	30	30	0	0	90s	100	1	506
r	366	494	30	30	0	0	90s	100	1	506
r	352	514	30	30	0	0	90s	100	1	506
r	343	534	30	30	0	0	90s	100	1	506
r	329	542	30	30	0	0	90s	100	1	506
r	319	543	30	30	0	0	90s	100	1	506
r	313	519	30	30	0	0	90s	100	1	506
r	331	510	30	30	0	0	90s	100	1	506
r	339	502	30	30	0	0	90s	100	1	506
r	305	509	30	30	0	0	90s	100	1	506
r	292	517	30	30	0	0	90s	100	1	506
r	278	518	30	30	0	0	90s	100	1	506
r	280	493	30	30	0	0	90s	100	1	506
r	248	508	30	30	0	0	90s	100	1	506
r	212	509	30	30	0	0	90s	100	1	506
r	194	507	30	30	0	0	90s	100	1	506
r	186	502	30	30	0	0	90s	100	1	506
r	151	506	30	30	0	0	90s	100	1	506
r	140	523	30	30	0	0	90s	100	1	506
r	142	562	30	30	0	0	90s	100	1	506
r	160	574	30	30	0	0	90s	100	1	506
r	172	583	30	30	0	0	90s	100	1	506
r	179	591	30	30	0	0	90s	100	1	506
r	152	586	30	30	0	0	90s	100	1	506
r	147	576	30	30	0	0	90s	100	1	506
r	140	551	30	30	0	0	90s	100	1	506
r	132	539	30	30	0	0	90s	100	1	506
r	132	516	30	30	0	0	90s	100	1	506
r	161	498	30	30	0	0	90s	100	1	506
r	158	515	30	30	0	0	90s	100	1	506
r	159	555	30	30	0	0	90s	100	1	506
r	144	539	30	30	0	0	90s	100	1	506
r	143	527	30	30	0	0	90s	100	1	506
r	134	504	30	30	0	0	90s	100	1	506
r	137	497	30	30	0	0	90s	100	1	506
r	120	491	30	30	0	0	90s	100	1	506
r	142	482	30	30	0	0	90s	100	1	506
r	152	488	30	30	0	0	90s	100	1	506
r	180	498	30	30	0	0	90s	100	1	506
r	208	491	30	30	0	0	90s	100	1	506
r	228	494	30	30	0	0	90s	100	1	506
r	247	498	30	30	0	0	90s	100	1	506
r	264	499	30	30	0	0	90s	100	1	506
r	196	515	30	30	0	0	90s	100	1	506
r	215	535	30	30	0	0	90s	100	1	506
r	236	549	30	30	0	0	90s	100	1	506
r	256	555	30	30	0	0	90s	100	1	506
r	262	558	30	30	0	0	90s	100	1	506
r	232	559	30	30	0	0	90s	100	1	506
r	209	539	30	30	0	0	90s	100	1	506
r	233	524	30	30	0	0	90s	100	1	506
r	248	541	30	30	0	0	90s	100	1	506
r	276	537	30	30	0	0	90s	100	1	506
r	290	537	30	30	0	0	90s	100	1	506
r	297	542	30	30	0	0	90s	100	1	506
r	295	547	30	30	0	0	90s	100	1	506
r	276	552	30	30	0	0	90s	100	1	506
r	267	568	30	30	0	0	90s	100	1	506
r	273	575	30	30	0	0	90s	100	1	506
r	312	564	30	30	0	0	90s	100	1	506
r	319	565	30	30	0	0	90s	100	1	506
r	283	567	30	30	0	0	90s	100	1	506
r	249	540	30	30	0	0	90s	100	1	506
r	243	538	30	30	0	0	90s	100	1	506
r	277	529	30	30	0	0	90s	100	1	506
r	300	529	30	30	0	0	90s	100	1	506
r	312	484	30	30	0	0	90s	100	1	506
r	300	487	30	30	0	0	90s	100	1	506
r	287	496	30	30	0	0	90s	100	1	506
r	253	517	30	30	0	0	90s	100	1	506
r	244	518	30	30	0	0	90s	100	1	506
r	293	524	30	30	0	0	90s	100	1	506
r	334	512	30	30	0	0	90s	100	1	506
r	315	516	30	30	0	0	90s	100	1	506
r	317	496	30	30	0	0	90s	100	1	506
r	351	479	30	30	0	0	90s	100	1	506
r	364	509	30	30	0	0	90s	100	1	506
r	384	516	30	30	0	0	90s	100	1	506
r	331	438	30	30	0	0	90s	100	1	506
r	321	448	30	30	0	0	90s	100	1	506
r	350	406	30	30	0	0	90s	100	1	506
r	365	406	30	30	0	0	90s	100	1	506
r	335	353	30	30	0	0	90s	100	1	506
r	322	374	30	30	0	0	90s	100	1	506
r	311	399	30	30	0	0	90s	100	1	506
r	477	592	30	30	0	0	90s	100	1	506
r	467	603	30	30	0	0	90s	100	1	506
r	251	595	30	30	0	0	90s	100	1	507
r	265	604	30	30	0	0	90s	100	1	507
r	284	602	30	30	0	0	90s	100	1	507
r	258	613	30	30	0	0	90s	100	1	507
r	262	617	30	30	0	0	90s	100	1	507
r	296	616	30	30	0	0	90s	100	1	507
r	309	615	30	30	0	0	90s	100	1	507
r	272	618	30	30	0	0	90s	100	1	507
r	289	635	30	30	0	0	90s	100	1	507
r	281	655	30	30	0	0	90s	100	1	507
r	300	674	30	30	0	0	90s	100	1	507
r	304	692	30	30	0	0	90s	100	1	507
r	299	712	30	30	0	0	90s	100	1	507
r	316	722	30	30	0	0	90s	100	1	507
r	326	724	30	30	0	0	90s	100	1	507
r	319	706	30	30	0	0	90s	100	1	507
r	320	687	30	30	0	0	90s	100	1	507
r	309	663	30	30	0	0	90s	100	1	507
r	315	649	30	30	0	0	90s	100	1	507
r	330	659	30	30	0	0	90s	100	1	507
r	328	693	30	30	0	0	90s	100	1	507
r	344	715	30	30	0	0	90s	100	1	507
r	353	713	30	30	0	0	90s	100	1	507
r	341	684	30	30	0	0	90s	100	1	507
r	345	664	30	30	0	0	90s	100	1	507
r	362	651	30	30	0	0	90s	100	1	507
r	362	684	30	30	0	0	90s	100	1	507
r	362	705	30	30	0	0	90s	100	1	507
r	365	706	30	30	0	0	90s	100	1	507
r	378	659	30	30	0	0	90s	100	1	507
r	372	666	30	30	0	0	90s	100	1	507
r	389	685	30	30	0	0	90s	100	1	507
r	402	684	30	30	0	0	90s	100	1	507
r	374	698	30	30	0	0	90s	100	1	507
r	375	714	30	30	0	0	90s	100	1	507
r	399	714	30	30	0	0	90s	100	1	507
r	416	709	30	30	0	0	90s	100	1	507
r	434	711	30	30	0	0	90s	100	1	507
r	465	714	30	30	0	0	90s	100	1	507
r	499	717	30	30	0	0	90s	100	1	507
r	517	717	30	30	0	0	90s	100	1	507
r	523	713	30	30	0	0	90s	100	1	507
r	504	695	30	30	0	0	90s	100	1	507
r	492	693	30	30	0	0	90s	100	1	507
r	479	703	30	30	0	0	90s	100	1	507
r	458	709	30	30	0	0	90s	100	1	507
r	430	701	30	30	0	0	90s	100	1	507
r	410	700	30	30	0	0	90s	100	1	507
r	388	701	30	30	0	0	90s	100	1	507
r	364	708	30	30	0	0	90s	100	1	507
r	325	702	30	30	0	0	90s	100	1	507
r	347	705	30	30	0	0	90s	100	1	507
r	348	701	30	30	0	0	90s	100	1	507
r	334	710	30	30	0	0	90s	100	1	507
r	342	723	30	30	0	0	90s	100	1	507
r	370	722	30	30	0	0	90s	100	1	507
r	394	713	30	30	0	0	90s	100	1	507
r	414	714	30	30	0	0	90s	100	1	507
r	442	717	30	30	0	0	90s	100	1	507
r	460	720	30	30	0	0	90s	100	1	507
r	488	719	30	30	0	0	90s	100	1	507
r	488	719	30	30	0	0	90s	100	1	507
r	458	697	30	30	0	0	90s	100	1	507
r	439	693	30	30	0	0	90s	100	1	507
r	444	671	30	30	0	0	90s	100	1	507
r	466	669	30	30	0	0	90s	100	1	507
r	504	657	30	30	0	0	90s	100	1	507
r	514	635	30	30	0	0	90s	100	1	507
r	504	633	30	30	0	0	90s	100	1	507
r	503	659	30	30	0	0	90s	100	1	507
r	502	684	30	30	0	0	90s	100	1	507
r	473	688	30	30	0	0	90s	100	1	507
r	459	673	30	30	0	0	90s	100	1	507
r	478	659	30	30	0	0	90s	100	1	507
r	475	627	30	30	0	0	90s	100	1	507
r	469	618	30	30	0	0	90s	100	1	507
r	465	648	30	30	0	0	90s	100	1	507
r	445	665	30	30	0	0	90s	100	1	507
r	433	670	30	30	0	0	90s	100	1	507
r	414	679	30	30	0	0	90s	100	1	507
r	415	685	30	30	0	0	90s	100	1	507
r	457	677	30	30	0	0	90s	100	1	507
r	470	674	30	30	0	0	90s	100	1	507
r	416	688	30	30	0	0	90s	100	1	507
r	404	688	30	30	0	0	90s	100	1	507
r	380	680	30	30	0	0	90s	100	1	507
r	372	677	30	30	0	0	90s	100	1	507
r	383	664	30	30	0	0	90s	100	1	507
r	329	667	30	30	0	0	90s	100	1	507
r	314	667	30	30	0	0	90s	100	1	507
r	305	666	30	30	0	0	90s	100	1	507
r	322	697	30	30	0	0	90s	100	1	507
r	294	664	30	30	0	0	90s	100	1	507
r	288	655	30	30	0	0	90s	100	1	507
r	296	647	30	30	0	0	90s	100	1	507
r	309	639	30	30	0	0	90s	100	1	507
r	335	671	30	30	0	0	90s	100	1	507
r	364	680	30	30	0	0	90s	100	1	507
r	378	682	30	30	0	0	90s	100	1	507
r	361	691	30	30	0	0	90s	100	1	507
r	336	695	30	30	0	0	90s	100	1	507
r	423	691	30	30	0	0	90s	100	1	507
r	452	703	30	30	0	0	90s	100	1	507
r	456	710	30	30	0	0	90s	100	1	507
r	443	679	30	30	0	0	90s	100	1	507
r	465	692	30	30	0	0	90s	100	1	507
r	478	704	30	30	0	0	90s	100	1	507
r	492	706	30	30	0	0	90s	100	1	507
r	492	706	30	30	0	0	90s	100	1	507
r	510	704	30	30	0	0	90s	100	1	507
r	519	702	30	30	0	0	90s	100	1	507
r	493	668	30	30	0	0	90s	100	1	507
r	486	670	30	30	0	0	90s	100	1	507
r	485	688	30	30	0	0	90s	100	1	507
r	503	669	30	30	0	0	90s	100	1	507
r	505	668	30	30	0	0	90s	100	1	507
r	502	644	30	30	0	0	90s	100	1	507
r	493	621	30	30	0	0	90s	100	1	507
r	486	640	30	30	0	0	90s	100	1	507
r	473	647	30	30	0	0	90s	100	1	507
r	312	695	30	30	0	0	90s	100	1	507
r	297	678	30	30	0	0	90s	100	1	507
r	347	656	30	30	0	0	90s	100	1	507
r	365	643	30	30	0	0	90s	100	1	507
r	379	651	30	30	0	0	90s	100	1	507
r	350	669	30	30	0	0	90s	100	1	507
r	348	679	30	30	0	0	90s	100	1	507
r	307	542	30	30	0	0	90s	100	1	507
r	323	526	30	30	0	0	90s	100	1	507
r	353	516	30	30	0	0	90s	100	1	507
r	334	559	30	30	0	0	90s	100	1	507
r	319	574	30	30	0	0	90s	100	1	507
r	568	370	30	30	0	0	90s	100	1	501
r	589	375	30	30	0	0	90s	100	1	501
r	601	359	30	30	0	0	90s	100	1	501
r	592	358	30	30	0	0	90s	100	1	501
r	610	360	30	30	0	0	90s	100	1	501
r	641	382	30	30	0	0	90s	100	1	501
r	664	388	30	30	0	0	90s	100	1	501
r	659	405	30	30	0	0	90s	100	1	501
r	639	410	30	30	0	0	90s	100	1	501
r	639	420	30	30	0	0	90s	100	1	501
r	659	418	30	30	0	0	90s	100	1	501
r	648	430	30	30	0	0	90s	100	1	501
r	638	437	30	30	0	0	90s	100	1	501
r	630	443	30	30	0	0	90s	100	1	501
r	651	447	30	30	0	0	90s	100	1	501
r	634	463	30	30	0	0	90s	100	1	501
r	623	470	30	30	0	0	90s	100	1	501
r	639	473	30	30	0	0	90s	100	1	501
r	656	461	30	30	0	0	90s	100	1	501
r	636	455	30	30	0	0	90s	100	1	501
r	647	466	30	30	0	0	90s	100	1	501
r	608	483	30	30	0	0	90s	100	1	501
r	603	496	30	30	0	0	90s	100	1	501
r	587	507	30	30	0	0	90s	100	1	501
r	586	507	30	30	0	0	90s	100	1	501
r	600	495	30	30	0	0	90s	100	1	501
r	609	466	30	30	0	0	90s	100	1	501
r	584	475	30	30	0	0	90s	100	1	501
r	596	515	30	30	0	0	90s	100	1	501
r	583	527	30	30	0	0	90s	100	1	501
r	606	525	30	30	0	0	90s	100	1	501
r	609	523	30	30	0	0	90s	100	1	501
r	595	542	30	30	0	0	90s	100	1	501
r	584	551	30	30	0	0	90s	100	1	501
r	586	558	30	30	0	0	90s	100	1	501
r	595	558	30	30	0	0	90s	100	1	501
r	602	573	30	30	0	0	90s	100	1	501
r	611	583	30	30	0	0	90s	100	1	501
r	628	597	30	30	0	0	90s	100	1	501
r	608	607	30	30	0	0	90s	100	1	501
r	600	607	30	30	0	0	90s	100	1	501
r	590	613	30	30	0	0	90s	100	1	501
r	577	630	30	30	0	0	90s	100	1	501
r	572	641	30	30	0	0	90s	100	1	501
r	569	660	30	30	0	0	90s	100	1	501
r	569	679	30	30	0	0	90s	100	1	501
r	582	682	30	30	0	0	90s	100	1	501
r	591	672	30	30	0	0	90s	100	1	501
r	583	662	30	30	0	0	90s	100	1	501
r	581	640	30	30	0	0	90s	100	1	501
r	590	638	30	30	0	0	90s	100	1	501
r	599	659	30	30	0	0	90s	100	1	501
r	611	670	30	30	0	0	90s	100	1	501
r	628	657	30	30	0	0	90s	100	1	501
r	610	665	30	30	0	0	90s	100	1	501
r	638	663	30	30	0	0	90s	100	1	501
r	652	663	30	30	0	0	90s	100	1	501
r	664	660	30	30	0	0	90s	100	1	501
r	679	661	30	30	0	0	90s	100	1	501
r	701	663	30	30	0	0	90s	100	1	501
r	702	656	30	30	0	0	90s	100	1	501
r	689	650	30	30	0	0	90s	100	1	501
r	675	653	30	30	0	0	90s	100	1	501
r	679	634	30	30	0	0	90s	100	1	501
r	687	633	30	30	0	0	90s	100	1	501
r	697	641	30	30	0	0	90s	100	1	501
r	697	628	30	30	0	0	90s	100	1	501
r	690	616	30	30	0	0	90s	100	1	501
r	701	620	30	30	0	0	90s	100	1	501
r	707	591	30	30	0	0	90s	100	1	501
r	691	587	30	30	0	0	90s	100	1	501
r	690	569	30	30	0	0	90s	100	1	501
r	689	592	30	30	0	0	90s	100	1	501
r	669	585	30	30	0	0	90s	100	1	501
r	646	593	30	30	0	0	90s	100	1	501
r	635	597	30	30	0	0	90s	100	1	502
r	617	597	30	30	0	0	90s	100	1	502
r	644	597	30	30	0	0	90s	100	1	502
r	662	591	30	30	0	0	90s	100	1	502
r	673	584	30	30	0	0	90s	100	1	502
r	654	596	30	30	0	0	90s	100	1	502
r	653	597	30	30	0	0	90s	100	1	502
r	681	553	30	30	0	0	90s	100	1	502
r	676	544	30	30	0	0	90s	100	1	502
r	672	538	30	30	0	0	90s	100	1	502
r	673	522	30	30	0	0	90s	100	1	502
r	683	521	30	30	0	0	90s	100	1	502
r	669	509	30	30	0	0	90s	100	1	502
r	653	503	30	30	0	0	90s	100	1	502
r	646	497	30	30	0	0	90s	100	1	502
r	636	499	30	30	0	0	90s	100	1	502
r	623	504	30	30	0	0	90s	100	1	502
r	607	508	30	30	0	0	90s	100	1	502
r	619	491	30	30	0	0	90s	100	1	502
r	633	486	30	30	0	0	90s	100	1	502
r	659	491	30	30	0	0	90s	100	1	502
r	677	490	30	30	0	0	90s	100	1	502
r	691	503	30	30	0	0	90s	100	1	502
r	712	495	30	30	0	0	90s	100	1	502
r	717	489	30	30	0	0	90s	100	1	502
r	718	485	30	30	0	0	90s	100	1	502
r	696	492	30	30	0	0	90s	100	1	502
r	689	483	30	30	0	0	90s	100	1	502
r	676	475	30	30	0	0	90s	100	1	502
r	654	474	30	30	0	0	90s	100	1	502
r	662	464	30	30	0	0	90s	100	1	502
r	683	465	30	30	0	0	90s	100	1	502
r	688	457	30	30	0	0	90s	100	1	502
r	677	438	30	30	0	0	90s	100	1	502
r	683	430	30	30	0	0	90s	100	1	502
r	696	448	30	30	0	0	90s	100	1	502
r	723	442	30	30	0	0	90s	100	1	502
r	735	421	30	30	0	0	90s	100	1	502
r	723	410	30	30	0	0	90s	100	1	502
r	707	416	30	30	0	0	90s	100	1	502
r	703	422	30	30	0	0	90s	100	1	502
r	715	441	30	30	0	0	90s	100	1	502
r	710	457	30	30	0	0	90s	100	1	502
r	718	426	30	30	0	0	90s	100	1	502
r	718	422	30	30	0	0	90s	100	1	502
r	654	450	30	30	0	0	90s	100	1	502
r	647	419	30	30	0	0	90s	100	1	502
r	638	398	30	30	0	0	90s	100	1	502
r	659	376	30	30	0	0	90s	100	1	502
r	670	372	30	30	0	0	90s	100	1	502
r	679	357	30	30	0	0	90s	100	1	502
r	687	354	30	30	0	0	90s	100	1	502
r	704	346	30	30	0	0	90s	100	1	502
r	712	352	30	30	0	0	90s	100	1	502
r	719	351	30	30	0	0	90s	100	1	502
r	714	317	30	30	0	0	90s	100	1	502
r	724	316	30	30	0	0	90s	100	1	502
r	733	314	30	30	0	0	90s	100	1	502
r	739	322	30	30	0	0	90s	100	1	502
r	730	337	30	30	0	0	90s	100	1	502
r	708	345	30	30	0	0	90s	100	1	502
r	707	330	30	30	0	0	90s	100	1	502
r	689	341	30	30	0	0	90s	100	1	502
r	693	338	30	30	0	0	90s	100	1	502
r	702	317	30	30	0	0	90s	100	1	502
r	686	309	30	30	0	0	90s	100	1	502
r	650	320	30	30	0	0	90s	100	1	502
r	639	320	30	30	0	0	90s	100	1	502
r	624	332	30	30	0	0	90s	100	1	502
r	672	310	30	30	0	0	90s	100	1	502
r	675	310	30	30	0	0	90s	100	1	502
r	648	304	30	30	0	0	90s	100	1	502
r	655	294	30	30	0	0	90s	100	1	502
r	649	279	30	30	0	0	90s	100	1	503
r	670	272	30	30	0	0	90s	100	1	503
r	688	276	30	30	0	0	90s	100	1	503
r	677	295	30	30	0	0	90s	100	1	503
r	659	302	30	30	0	0	90s	100	1	503
r	673	266	30	30	0	0	90s	100	1	503
r	670	229	30	30	0	0	90s	100	1	503
r	668	224	30	30	0	0	90s	100	1	503
r	654	238	30	30	0	0	90s	100	1	503
r	650	256	30	30	0	0	90s	100	1	503
r	640	262	30	30	0	0	90s	100	1	503
r	622	241	30	30	0	0	90s	100	1	503
r	619	222	30	30	0	0	90s	100	1	503
r	653	206	30	30	0	0	90s	100	1	503
r	652	219	30	30	0	0	90s	100	1	503
r	632	241	30	30	0	0	90s	100	1	503
r	647	233	30	30	0	0	90s	100	1	503
r	646	218	30	30	0	0	90s	100	1	503
r	662	211	30	30	0	0	90s	100	1	503
r	684	205	30	30	0	0	90s	100	1	503
r	682	195	30	30	0	0	90s	100	1	503
r	676	183	30	30	0	0	90s	100	1	503
r	691	175	30	30	0	0	90s	100	1	503
r	667	179	30	30	0	0	90s	100	1	503
r	663	172	30	30	0	0	90s	100	1	503
r	650	171	30	30	0	0	90s	100	1	503
r	642	173	30	30	0	0	90s	100	1	503
r	646	165	30	30	0	0	90s	100	1	503
r	629	167	30	30	0	0	90s	100	1	503
r	658	162	30	30	0	0	90s	100	1	503
r	680	172	30	30	0	0	90s	100	1	503
r	708	164	30	30	0	0	90s	100	1	503
r	728	163	30	30	0	0	90s	100	1	503
r	741	164	30	30	0	0	90s	100	1	503
r	736	147	30	30	0	0	90s	100	1	503
r	727	135	30	30	0	0	90s	100	1	503
r	726	120	30	30	0	0	90s	100	1	503
r	715	122	30	30	0	0	90s	100	1	503
r	712	136	30	30	0	0	90s	100	1	503
r	720	154	30	30	0	0	90s	100	1	503
r	713	159	30	30	0	0	90s	100	1	503
r	703	128	30	30	0	0	90s	100	1	503
r	667	116	30	30	0	0	90s	100	1	503
r	638	149	30	30	0	0	90s	100	1	503
r	638	180	30	30	0	0	90s	100	1	503
r	680	150	30	30	0	0	90s	100	1	503
r	684	140	30	30	0	0	90s	100	1	503
r	712	137	30	30	0	0	90s	100	1	503
r	693	155	30	30	0	0	90s	100	1	503
r	669	140	30	30	0	0	90s	100	1	503
r	648	151	30	30	0	0	90s	100	1	503
r	672	155	30	30	0	0	90s	100	1	503
r	692	153	30	30	0	0	90s	100	1	503
r	685	130	30	30	0	0	90s	100	1	503
r	674	123	30	30	0	0	90s	100	1	503
r	662	151	30	30	0	0	90s	100	1	503
r	710	140	30	30	0	0	90s	100	1	503
r	710	148	30	30	0	0	90s	100	1	503
r	684	124	30	30	0	0	90s	100	1	503
r	676	521	30	30	0	0	90s	100	1	503
r	681	501	30	30	0	0	90s	100	1	503
r	683	483	30	30	0	0	90s	100	1	503
r	652	490	30	30	0	0	90s	100	1	503
r	645	492	30	30	0	0	90s	100	1	503
r	656	472	30	30	0	0	90s	100	1	503
r	675	456	30	30	0	0	90s	100	1	503
r	674	431	30	30	0	0	90s	100	1	503
r	657	416	30	30	0	0	90s	100	1	503
r	654	411	30	30	0	0	90s	100	1	503
r	668	446	30	30	0	0	90s	100	1	503
r	676	477	30	30	0	0	90s	100	1	503
r	541	389	30	30	0	0	90s	100	1	503
r	529	404	30	30	0	0	90s	100	1	503
r	523	420	30	30	0	0	90s	100	1	503
r	527	382	30	30	0	0	90s	100	1	503
r	545	354	30	30	0	0	90s	100	1	503
r	547	333	30	30	0	0	90s	100	1	503
r	543	314	30	30	0	0	90s	100	1	503
r	533	319	30	30	0	0	90s	100	1	503
r	531	337	30	30	0	0	90s	100	1	503

