//type	cx	cy	sx	sy	z	dir	time	percent	count	vnum
//----------------------------------------------------------
r	752	173	10	10	0	0	45s	100	1	6521
r	752	156	10	10	0	0	45s	100	1	6521
r	745	156	10	10	0	0	45s	100	1	6521
r	771	145	10	10	0	0	45s	100	1	6521
r	789	156	10	10	0	0	45s	100	1	6521
r	773	183	10	10	0	0	45s	100	1	6521
r	810	182	10	10	0	0	45s	100	1	6521
r	815	166	10	10	0	0	45s	100	1	6521
r	804	146	10	10	0	0	45s	100	1	6521
r	831	142	10	10	0	0	45s	100	1	6521
r	837	162	10	10	0	0	45s	100	1	6521
r	865	151	10	10	0	0	45s	100	1	6521
r	889	168	10	10	0	0	45s	100	1	6521
r	872	188	10	10	0	0	45s	100	1	6521
r	904	149	10	10	0	0	45s	100	1	6521
r	901	126	10	10	0	0	45s	100	1	6521
r	867	115	10	10	0	0	45s	100	1	6521
r	831	124	10	10	0	0	45s	100	1	6521
r	882	130	10	10	0	0	45s	100	1	6521
r	888	105	10	10	0	0	45s	100	1	6521
r	875	192	10	10	0	0	45s	100	1	6521
r	791	228	10	10	0	0	45s	100	1	6521
r	834	224	10	10	0	0	45s	100	1	6521
r	816	243	10	10	0	0	45s	100	1	6521
r	796	244	10	10	0	0	45s	100	1	6521
r	840	249	10	10	0	0	45s	100	1	6521
r	873	248	10	10	0	0	45s	100	1	6521
r	862	259	10	10	0	0	45s	100	1	6521
r	829	264	10	10	0	0	45s	100	1	6521
r	825	275	10	10	0	0	45s	100	1	6521
r	848	282	10	10	0	0	45s	100	1	6521
r	858	272	10	10	0	0	45s	100	1	6521
r	868	293	10	10	0	0	45s	100	1	6521
r	844	299	10	10	0	0	45s	100	1	6521
r	866	314	10	10	0	0	45s	100	1	6521
r	881	329	10	10	0	0	45s	100	1	6521
r	905	328	10	10	0	0	45s	100	1	6521
r	926	317	10	10	0	0	45s	100	1	6521
r	943	298	10	10	0	0	45s	100	1	6521
r	954	284	10	10	0	0	45s	100	1	6521
r	933	276	10	10	0	0	45s	100	1	6521
r	913	267	10	10	0	0	45s	100	1	6521
r	927	258	10	10	0	0	45s	100	1	6521
r	908	229	10	10	0	0	45s	100	1	6521
r	927	195	10	10	0	0	45s	100	1	6521
r	959	185	10	10	0	0	45s	100	1	6521
r	945	169	10	10	0	0	45s	100	1	6521
r	943	146	10	10	0	0	45s	100	1	6521
r	919	128	10	10	0	0	45s	100	1	6521
r	982	219	10	10	0	0	45s	100	1	6521
r	960	239	10	10	0	0	45s	100	1	6521
r	972	259	10	10	0	0	45s	100	1	6521
r	990	268	10	10	0	0	45s	100	1	6521
r	1017	261	10	10	0	0	45s	100	1	6521
r	1023	240	10	10	0	0	45s	100	1	6521
r	1007	218	10	10	0	0	45s	100	1	6521
r	1016	293	10	10	0	0	45s	100	1	6521
r	1038	286	10	10	0	0	45s	100	1	6521
r	1044	239	10	10	0	0	45s	100	1	6521
r	1054	227	10	10	0	0	45s	100	1	6521
r	1047	203	10	10	0	0	45s	100	1	6521
r	1058	181	10	10	0	0	45s	100	1	6521
r	917	348	10	10	0	0	45s	100	1	6521
r	936	345	10	10	0	0	45s	100	1	6521
r	947	369	10	10	0	0	45s	100	1	6521
r	935	384	10	10	0	0	45s	100	1	6521
r	972	380	10	10	0	0	45s	100	1	6521
r	989	378	10	10	0	0	45s	100	1	6521
r	961	382	10	10	0	0	45s	100	1	6521
r	959	356	10	10	0	0	45s	100	1	6521
r	973	332	10	10	0	0	45s	100	1	6521
r	987	308	10	10	0	0	45s	100	1	6521
r	1021	312	10	10	0	0	45s	100	1	6521
r	1029	325	10	10	0	0	45s	100	1	6521
r	1045	306	10	10	0	0	45s	100	1	6521
r	1067	302	10	10	0	0	45s	100	1	6521
r	1087	297	10	10	0	0	45s	100	1	6521
r	1086	274	10	10	0	0	45s	100	1	6521
r	1079	261	10	10	0	0	45s	100	1	6521
r	1087	217	10	10	0	0	45s	100	1	6521
r	1099	201	10	10	0	0	45s	100	1	6521
r	1093	201	10	10	0	0	45s	100	1	6521
r	1064	188	10	10	0	0	45s	100	1	6521
r	1046	148	10	10	0	0	45s	100	1	6521
r	1030	150	10	10	0	0	45s	100	1	6521
r	1026	160	10	10	0	0	45s	100	1	6521
r	1045	129	10	10	0	0	45s	100	1	6521
r	1071	115	10	10	0	0	45s	100	1	6521
r	1085	120	10	10	0	0	45s	100	1	6521
r	1106	117	10	10	0	0	45s	100	1	6521
r	1131	115	10	10	0	0	45s	100	1	6521
r	1084	127	10	10	0	0	45s	100	1	6521
r	1099	139	10	10	0	0	45s	100	1	6521
r	1121	136	10	10	0	0	45s	100	1	6521
r	1109	202	10	10	0	0	45s	100	1	6521
r	1135	197	10	10	0	0	45s	100	1	6521
r	1148	182	10	10	0	0	45s	100	1	6521
r	1173	184	10	10	0	0	45s	100	1	6521
r	1192	187	10	10	0	0	45s	100	1	6521
r	1180	192	10	10	0	0	45s	100	1	6521
r	1160	193	10	10	0	0	45s	100	1	6521
r	1144	203	10	10	0	0	45s	100	1	6521
r	1130	215	10	10	0	0	45s	100	1	6521
r	1151	219	10	10	0	0	45s	100	1	6521
r	1160	232	10	10	0	0	45s	100	1	6521
r	1149	238	10	10	0	0	45s	100	1	6521
r	1133	238	10	10	0	0	45s	100	1	6521
r	1120	242	10	10	0	0	45s	100	1	6521
r	1119	258	10	10	0	0	45s	100	1	6521
r	1130	260	10	10	0	0	45s	100	1	6521
r	1146	264	10	10	0	0	45s	100	1	6521
r	1136	276	10	10	0	0	45s	100	1	6521
r	1120	279	10	10	0	0	45s	100	1	6521
r	1111	279	10	10	0	0	45s	100	1	6521
r	1132	291	10	10	0	0	45s	100	1	6521
r	1140	304	10	10	0	0	45s	100	1	6521
r	1129	313	10	10	0	0	45s	100	1	6521
r	1112	313	10	10	0	0	45s	100	1	6521
r	1089	320	10	10	0	0	45s	100	1	6521
r	1078	328	10	10	0	0	45s	100	1	6521
r	1098	330	10	10	0	0	45s	100	1	6521
r	1113	330	10	10	0	0	45s	100	1	6521
r	1121	333	10	10	0	0	45s	100	1	6521
r	1115	347	10	10	0	0	45s	100	1	6521
r	1111	356	10	10	0	0	45s	100	1	6521
r	1130	341	10	10	0	0	45s	100	1	6521
r	1152	330	10	10	0	0	45s	100	1	6521
r	1172	329	10	10	0	0	45s	100	1	6521
r	1194	329	10	10	0	0	45s	100	1	6521
r	1216	330	10	10	0	0	45s	100	1	6521
r	1177	349	10	10	0	0	45s	100	1	6521
r	1194	348	10	10	0	0	45s	100	1	6521
r	1213	349	10	10	0	0	45s	100	1	6521
r	1226	349	10	10	0	0	45s	100	1	6521
r	1253	369	10	10	0	0	45s	100	1	6521
r	1263	355	10	10	0	0	45s	100	1	6521
r	1243	378	10	10	0	0	45s	100	1	6521
r	1218	364	10	10	0	0	45s	100	1	6521
r	1198	344	10	10	0	0	45s	100	1	6521
r	1186	380	10	10	0	0	45s	100	1	6521
r	1164	376	10	10	0	0	45s	100	1	6521
r	1190	370	10	10	0	0	45s	100	1	6521
r	1204	363	10	10	0	0	45s	100	1	6521
r	1231	381	10	10	0	0	45s	100	1	6521
r	1258	382	10	10	0	0	45s	100	1	6521
r	887	342	10	10	0	0	45s	100	1	6521
r	913	398	10	10	0	0	45s	100	1	6521
r	886	393	10	10	0	0	45s	100	1	6521
r	882	387	10	10	0	0	45s	100	1	6521
r	864	376	10	10	0	0	45s	100	1	6521
r	851	364	10	10	0	0	45s	100	1	6521
r	825	364	10	10	0	0	45s	100	1	6521
r	807	362	10	10	0	0	45s	100	1	6521
r	803	345	10	10	0	0	45s	100	1	6521
r	827	340	10	10	0	0	45s	100	1	6521
r	823	332	10	10	0	0	45s	100	1	6521
r	803	329	10	10	0	0	45s	100	1	6521
r	791	326	10	10	0	0	45s	100	1	6521
r	811	317	10	10	0	0	45s	100	1	6521
r	810	303	10	10	0	0	45s	100	1	6521
r	774	291	10	10	0	0	45s	100	1	6521
r	785	277	10	10	0	0	45s	100	1	6521
r	776	270	10	10	0	0	45s	100	1	6521
r	767	258	10	10	0	0	45s	100	1	6521
r	750	245	10	10	0	0	45s	100	1	6521
r	993	418	10	10	0	0	45s	100	1	6521
r	1021	418	10	10	0	0	45s	100	1	6521
r	997	433	10	10	0	0	45s	100	1	6521
r	1030	441	10	10	0	0	45s	100	1	6521
r	1050	439	10	10	0	0	45s	100	1	6521
r	1025	447	10	10	0	0	45s	100	1	6521
r	1054	462	10	10	0	0	45s	100	1	6521
r	1091	474	10	10	0	0	45s	100	1	6521
r	1114	473	10	10	0	0	45s	100	1	6521
r	1121	455	10	10	0	0	45s	100	1	6521
r	1137	492	10	10	0	0	45s	100	1	6521
r	1128	523	10	10	0	0	45s	100	1	6521
r	1118	549	10	10	0	0	45s	100	1	6521
r	1144	528	10	10	0	0	45s	100	1	6521
r	1169	514	10	10	0	0	45s	100	1	6521
r	1187	535	10	10	0	0	45s	100	1	6521
r	1185	546	10	10	0	0	45s	100	1	6521
r	1166	594	10	10	0	0	45s	100	1	6521
r	1245	596	10	10	0	0	45s	100	1	6521
r	1227	606	10	10	0	0	45s	100	1	6521
r	1265	609	10	10	0	0	45s	100	1	6521
r	1310	609	10	10	0	0	45s	100	1	6521
r	1286	605	10	10	0	0	45s	100	1	6521
r	1273	586	10	10	0	0	45s	100	1	6521
r	1285	567	10	10	0	0	45s	100	1	6521
r	1315	560	10	10	0	0	45s	100	1	6521
r	1312	542	10	10	0	0	45s	100	1	6521
r	1298	522	10	10	0	0	45s	100	1	6521
r	1297	536	10	10	0	0	45s	100	1	6521
r	1277	551	10	10	0	0	45s	100	1	6521
r	1256	559	10	10	0	0	45s	100	1	6521
r	1235	550	10	10	0	0	45s	100	1	6521
r	1214	541	10	10	0	0	45s	100	1	6521
r	1222	524	10	10	0	0	45s	100	1	6521
r	1201	503	10	10	0	0	45s	100	1	6521
r	1186	518	10	10	0	0	45s	100	1	6521
r	1170	538	10	10	0	0	45s	100	1	6521
r	1156	510	10	10	0	0	45s	100	1	6521
r	1113	531	10	10	0	0	45s	100	1	6521
r	1104	561	10	10	0	0	45s	100	1	6521
r	1124	568	10	10	0	0	45s	100	1	6521
r	1108	588	10	10	0	0	45s	100	1	6521
r	1128	588	10	10	0	0	45s	100	1	6521
r	1131	618	10	10	0	0	45s	100	1	6521
r	1111	637	10	10	0	0	45s	100	1	6521
r	1119	652	10	10	0	0	45s	100	1	6521
r	1138	639	10	10	0	0	45s	100	1	6521
r	1148	623	10	10	0	0	45s	100	1	6521
r	1164	611	10	10	0	0	45s	100	1	6521
r	1151	669	10	10	0	0	45s	100	1	6521
r	1169	644	10	10	0	0	45s	100	1	6521
r	1199	653	10	10	0	0	45s	100	1	6521
r	1225	664	10	10	0	0	45s	100	1	6521
r	1188	676	10	10	0	0	45s	100	1	6521
r	1173	679	10	10	0	0	45s	100	1	6521
r	1168	708	10	10	0	0	45s	100	1	6521
r	1159	719	10	10	0	0	45s	100	1	6521
r	1158	735	10	10	0	0	45s	100	1	6521
r	1200	735	10	10	0	0	45s	100	1	6521
r	1226	731	10	10	0	0	45s	100	1	6521
r	1237	711	10	10	0	0	45s	100	1	6521
r	1229	697	10	10	0	0	45s	100	1	6521
r	1216	710	10	10	0	0	45s	100	1	6521
r	1244	715	10	10	0	0	45s	100	1	6521
r	1262	723	10	10	0	0	45s	100	1	6521
r	1280	731	10	10	0	0	45s	100	1	6521
r	1298	742	10	10	0	0	45s	100	1	6521
r	1309	757	10	10	0	0	45s	100	1	6521
r	1316	779	10	10	0	0	45s	100	1	6521
r	1324	799	10	10	0	0	45s	100	1	6521
r	1326	808	10	10	0	0	45s	100	1	6521
r	1290	797	10	10	0	0	45s	100	1	6521
r	1275	792	10	10	0	0	45s	100	1	6521
r	1248	785	10	10	0	0	45s	100	1	6521
r	1218	777	10	10	0	0	45s	100	1	6521
r	1190	773	10	10	0	0	45s	100	1	6521
r	1205	767	10	10	0	0	45s	100	1	6521
r	1219	760	10	10	0	0	45s	100	1	6521
r	1237	743	10	10	0	0	45s	100	1	6521
r	1252	739	10	10	0	0	45s	100	1	6521
r	1251	755	10	10	0	0	45s	100	1	6521
r	1251	764	10	10	0	0	45s	100	1	6521
r	1281	767	10	10	0	0	45s	100	1	6521
r	1288	768	10	10	0	0	45s	100	1	6521
r	1308	766	10	10	0	0	45s	100	1	6521
r	1275	750	10	10	0	0	45s	100	1	6521
r	1370	809	10	10	0	0	45s	100	1	6521
r	1404	817	10	10	0	0	45s	100	1	6521
r	1423	817	10	10	0	0	45s	100	1	6521
r	1397	789	10	10	0	0	45s	100	1	6521
r	1372	784	10	10	0	0	45s	100	1	6521
r	1349	779	10	10	0	0	45s	100	1	6521
r	1366	766	10	10	0	0	45s	100	1	6521
r	1391	768	10	10	0	0	45s	100	1	6521
r	1415	770	10	10	0	0	45s	100	1	6521
r	1434	770	10	10	0	0	45s	100	1	6521
r	1453	759	10	10	0	0	45s	100	1	6521
r	1457	744	10	10	0	0	45s	100	1	6521
r	1434	746	10	10	0	0	45s	100	1	6521
r	1416	747	10	10	0	0	45s	100	1	6521
r	1388	748	10	10	0	0	45s	100	1	6521
r	1363	746	10	10	0	0	45s	100	1	6521
r	1330	735	10	10	0	0	45s	100	1	6521
r	1337	734	10	10	0	0	45s	100	1	6521
r	1363	730	10	10	0	0	45s	100	1	6521
r	1401	725	10	10	0	0	45s	100	1	6521
r	1425	725	10	10	0	0	45s	100	1	6521
r	1437	697	10	10	0	0	45s	100	1	6521
r	1428	697	10	10	0	0	45s	100	1	6521
r	1389	700	10	10	0	0	45s	100	1	6521
r	1359	708	10	10	0	0	45s	100	1	6521
r	1338	711	10	10	0	0	45s	100	1	6521
r	1378	684	10	10	0	0	45s	100	1	6521
r	1412	677	10	10	0	0	45s	100	1	6521
r	1437	675	10	10	0	0	45s	100	1	6521
r	1394	657	10	10	0	0	45s	100	1	6521
r	1379	657	10	10	0	0	45s	100	1	6521
r	1377	647	10	10	0	0	45s	100	1	6521
r	1426	631	10	10	0	0	45s	100	1	6521
r	1451	612	10	10	0	0	45s	100	1	6521
r	1426	629	10	10	0	0	45s	100	1	6521
r	1415	646	10	10	0	0	45s	100	1	6521
r	1412	664	10	10	0	0	45s	100	1	6521
r	1432	666	10	10	0	0	45s	100	1	6521
r	1371	623	10	10	0	0	45s	100	1	6521
r	1356	598	10	10	0	0	45s	100	1	6521
r	1348	567	10	10	0	0	45s	100	1	6521
r	1376	577	10	10	0	0	45s	100	1	6521
r	1390	608	10	10	0	0	45s	100	1	6521
r	1404	617	10	10	0	0	45s	100	1	6521
r	1424	595	10	10	0	0	45s	100	1	6521
r	1435	577	10	10	0	0	45s	100	1	6521
r	1426	563	10	10	0	0	45s	100	1	6521
r	1393	543	10	10	0	0	45s	100	1	6521
r	1355	543	10	10	0	0	45s	100	1	6521
r	1386	543	10	10	0	0	45s	100	1	6521
r	1348	498	10	10	0	0	45s	100	1	6521
r	1373	492	10	10	0	0	45s	100	1	6521
r	1401	479	10	10	0	0	45s	100	1	6521
r	1419	459	10	10	0	0	45s	100	1	6521
r	1422	455	10	10	0	0	45s	100	1	6521
r	1423	445	10	10	0	0	45s	100	1	6521
r	1424	424	10	10	0	0	45s	100	1	6521
r	1425	402	10	10	0	0	45s	100	1	6521
r	1410	402	10	10	0	0	45s	100	1	6521
r	1400	419	10	10	0	0	45s	100	1	6521
r	1400	434	10	10	0	0	45s	100	1	6521
r	1395	446	10	10	0	0	45s	100	1	6521
r	1374	454	10	10	0	0	45s	100	1	6521
r	1366	465	10	10	0	0	45s	100	1	6521
r	1318	478	10	10	0	0	45s	100	1	6521
r	1331	457	10	10	0	0	45s	100	1	6521
r	1346	442	10	10	0	0	45s	100	1	6521
r	1357	427	10	10	0	0	45s	100	1	6521
r	1359	415	10	10	0	0	45s	100	1	6521
r	1344	423	10	10	0	0	45s	100	1	6521
r	1335	429	10	10	0	0	45s	100	1	6521
r	1317	437	10	10	0	0	45s	100	1	6521
r	1299	445	10	10	0	0	45s	100	1	6521
r	1286	450	10	10	0	0	45s	100	1	6521
r	1270	457	10	10	0	0	45s	100	1	6521
r	1258	466	10	10	0	0	45s	100	1	6521
r	1250	482	10	10	0	0	45s	100	1	6521
r	1229	489	10	10	0	0	45s	100	1	6521
r	1201	486	10	10	0	0	45s	100	1	6521
r	1192	483	10	10	0	0	45s	100	1	6521
r	1173	481	10	10	0	0	45s	100	1	6521
r	1165	492	10	10	0	0	45s	100	1	6521
r	1133	471	10	10	0	0	45s	100	1	6521
r	1076	472	10	10	0	0	45s	100	1	6521
r	1115	431	10	10	0	0	45s	100	1	6521
r	1143	420	10	10	0	0	45s	100	1	6521
r	1169	420	10	10	0	0	45s	100	1	6521
r	1226	424	10	10	0	0	45s	100	1	6521
r	1257	452	10	10	0	0	45s	100	1	6521
r	1352	385	10	10	0	0	45s	100	1	6521
r	1400	401	10	10	0	0	45s	100	1	6521
r	1411	384	10	10	0	0	45s	100	1	6521
r	1417	356	10	10	0	0	45s	100	1	6521
r	1422	344	10	10	0	0	45s	100	1	6521
r	1434	315	10	10	0	0	45s	100	1	6521
r	1439	296	10	10	0	0	45s	100	1	6521
r	1420	290	10	10	0	0	45s	100	1	6521
r	1419	292	10	10	0	0	45s	100	1	6521
r	1415	302	10	10	0	0	45s	100	1	6521
r	1407	322	10	10	0	0	45s	100	1	6521
r	1399	342	10	10	0	0	45s	100	1	6521
r	1389	348	10	10	0	0	45s	100	1	6521
r	1376	341	10	10	0	0	45s	100	1	6521
r	1384	327	10	10	0	0	45s	100	1	6521
r	1397	306	10	10	0	0	45s	100	1	6521
r	1400	293	10	10	0	0	45s	100	1	6521
r	1354	290	10	10	0	0	45s	100	1	6521
r	1351	311	10	10	0	0	45s	100	1	6521
r	1333	326	10	10	0	0	45s	100	1	6521
r	1319	334	10	10	0	0	45s	100	1	6521
r	1299	348	10	10	0	0	45s	100	1	6521
r	1288	351	10	10	0	0	45s	100	1	6521
r	1298	327	10	10	0	0	45s	100	1	6521
r	1319	311	10	10	0	0	45s	100	1	6521
r	1331	303	10	10	0	0	45s	100	1	6521
r	1400	233	10	10	0	0	45s	100	1	6521
r	1412	223	10	10	0	0	45s	100	1	6521
r	1421	213	10	10	0	0	45s	100	1	6521
r	1427	204	10	10	0	0	45s	100	1	6521
r	1427	184	10	10	0	0	45s	100	1	6521
r	1418	167	10	10	0	0	45s	100	1	6521
r	1402	190	10	10	0	0	45s	100	1	6521
r	1398	201	10	10	0	0	45s	100	1	6521
r	1397	210	10	10	0	0	45s	100	1	6521
r	1416	193	10	10	0	0	45s	100	1	6521
r	1416	183	10	10	0	0	45s	100	1	6521
r	1403	153	10	10	0	0	45s	100	1	6521
r	1392	143	10	10	0	0	45s	100	1	6521
r	1360	134	10	10	0	0	45s	100	1	6521
r	1335	132	10	10	0	0	45s	100	1	6521
r	1320	132	10	10	0	0	45s	100	1	6521
r	1289	139	10	10	0	0	45s	100	1	6521
r	1280	144	10	10	0	0	45s	100	1	6521
r	1257	145	10	10	0	0	45s	100	1	6521
r	1241	144	10	10	0	0	45s	100	1	6521
r	1226	141	10	10	0	0	45s	100	1	6521
r	1218	140	10	10	0	0	45s	100	1	6521
r	1199	140	10	10	0	0	45s	100	1	6521
r	1189	140	10	10	0	0	45s	100	1	6521
r	1169	139	10	10	0	0	45s	100	1	6521
r	1155	136	10	10	0	0	45s	100	1	6521
r	1152	130	10	10	0	0	45s	100	1	6521
r	1160	129	10	10	0	0	45s	100	1	6521
r	1198	126	10	10	0	0	45s	100	1	6521
r	1220	125	10	10	0	0	45s	100	1	6521
r	1241	129	10	10	0	0	45s	100	1	6521
r	1277	134	10	10	0	0	45s	100	1	6521
r	1298	134	10	10	0	0	45s	100	1	6521
r	1311	150	10	10	0	0	45s	100	1	6521
r	1335	146	10	10	0	0	45s	100	1	6521
r	1356	146	10	10	0	0	45s	100	1	6521
r	1383	165	10	10	0	0	45s	100	1	6521
r	1391	153	10	10	0	0	45s	100	1	6521
r	1336	181	10	10	0	0	45s	100	1	6521
r	1325	193	10	10	0	0	45s	100	1	6521
r	1328	203	10	10	0	0	45s	100	1	6521
r	1327	206	10	10	0	0	45s	100	1	6521
r	1308	196	10	10	0	0	45s	100	1	6521
r	1300	192	10	10	0	0	45s	100	1	6521
r	1284	186	10	10	0	0	45s	100	1	6521
r	1266	176	10	10	0	0	45s	100	1	6521
r	1246	176	10	10	0	0	45s	100	1	6521
r	1220	176	10	10	0	0	45s	100	1	6521
r	1214	178	10	10	0	0	45s	100	1	6521
r	1301	173	10	10	0	0	45s	100	1	6521
r	1317	176	10	10	0	0	45s	100	1	6521
r	1325	180	10	10	0	0	45s	100	1	6521
r	1396	627	10	10	0	0	45s	100	1	6521
r	1381	591	10	10	0	0	45s	100	1	6521
r	1366	617	10	10	0	0	45s	100	1	6521
r	1363	681	10	10	0	0	45s	100	1	6521
r	1388	672	10	10	0	0	45s	100	1	6521
r	1024	435	10	10	0	0	45s	100	1	6521
r	1143	330	10	10	0	0	45s	100	1	6521
r	1318	321	10	10	0	0	45s	100	1	6521
r	1258	344	10	10	0	0	45s	100	1	6521
r	1286	343	10	10	0	0	45s	100	1	6521
r	1225	327	10	10	0	0	45s	100	1	6521
r	1233	312	10	10	0	0	45s	100	1	6521
r	900	414	10	10	0	0	45s	100	1	6521
r	860	433	10	10	0	0	45s	100	1	6521
r	851	418	10	10	0	0	45s	100	1	6521
r	833	426	10	10	0	0	45s	100	1	6521
r	808	410	10	10	0	0	45s	100	1	6521
r	776	413	10	10	0	0	45s	100	1	6521
r	751	421	10	10	0	0	45s	100	1	6521
r	765	429	10	10	0	0	45s	100	1	6521
r	785	430	10	10	0	0	45s	100	1	6521
r	811	428	10	10	0	0	45s	100	1	6521
r	716	490	10	10	0	0	45s	100	1	6521
r	732	492	10	10	0	0	45s	100	1	6521
r	741	498	10	10	0	0	45s	100	1	6521
r	748	518	10	10	0	0	45s	100	1	6521
r	754	541	10	10	0	0	45s	100	1	6521
r	741	544	10	10	0	0	45s	100	1	6521
r	741	534	10	10	0	0	45s	100	1	6521
r	736	517	10	10	0	0	45s	100	1	6521
r	724	515	10	10	0	0	45s	100	1	6521
r	715	533	10	10	0	0	45s	100	1	6521
r	711	545	10	10	0	0	45s	100	1	6521
r	707	553	10	10	0	0	45s	100	1	6521
r	714	560	10	10	0	0	45s	100	1	6521
r	724	562	10	10	0	0	45s	100	1	6521
r	727	570	10	10	0	0	45s	100	1	6521
r	725	589	10	10	0	0	45s	100	1	6521
r	720	597	10	10	0	0	45s	100	1	6521
r	711	604	10	10	0	0	45s	100	1	6521
r	702	609	10	10	0	0	45s	100	1	6521
r	692	611	10	10	0	0	45s	100	1	6521
r	681	610	10	10	0	0	45s	100	1	6521
r	673	603	10	10	0	0	45s	100	1	6521
r	678	595	10	10	0	0	45s	100	1	6521
r	689	576	10	10	0	0	45s	100	1	6521
r	693	569	10	10	0	0	45s	100	1	6521
r	707	583	10	10	0	0	45s	100	1	6521
r	697	591	10	10	0	0	45s	100	1	6521
r	690	596	10	10	0	0	45s	100	1	6521
r	718	569	10	10	0	0	45s	100	1	6521
r	705	536	10	10	0	0	45s	100	1	6521
r	709	514	10	10	0	0	45s	100	1	6521
r	710	503	10	10	0	0	45s	100	1	6521
r	712	491	10	10	0	0	45s	100	1	6521
r	758	430	10	10	0	0	45s	100	1	6521
r	789	420	10	10	0	0	45s	100	1	6521
r	805	420	10	10	0	0	45s	100	1	6521
r	796	408	10	10	0	0	45s	100	1	6521
r	740	426	10	10	0	0	45s	100	1	6521
r	909	399	10	10	0	0	45s	100	1	6521
r	898	392	10	10	0	0	45s	100	1	6521
r	1371	829	10	10	0	0	45s	100	1	6521
r	1336	831	10	10	0	0	45s	100	1	6521
r	1362	824	10	10	0	0	45s	100	1	6521
r	1331	817	10	10	0	0	45s	100	1	6521
r	1212	738	10	10	0	0	45s	100	1	6521
r	1171	665	10	10	0	0	45s	100	1	6521
r	1147	654	10	10	0	0	45s	100	1	6521
r	1128	670	10	10	0	0	45s	100	1	6521
r	142	1384	10	10	0	0	45s	100	1	6522
r	174	1386	10	10	0	0	45s	100	1	6522
r	172	1362	10	10	0	0	45s	100	1	6522
r	198	1349	10	10	0	0	45s	100	1	6522
r	215	1360	10	10	0	0	45s	100	1	6522
r	238	1349	10	10	0	0	45s	100	1	6522
r	257	1352	10	10	0	0	45s	100	1	6522
r	279	1369	10	10	0	0	45s	100	1	6522
r	290	1373	10	10	0	0	45s	100	1	6522
r	300	1380	10	10	0	0	45s	100	1	6522
r	295	1396	10	10	0	0	45s	100	1	6522
r	280	1401	10	10	0	0	45s	100	1	6522
r	313	1419	10	10	0	0	45s	100	1	6522
r	298	1430	10	10	0	0	45s	100	1	6522
r	329	1435	10	10	0	0	45s	100	1	6522
r	345	1430	10	10	0	0	45s	100	1	6522
r	351	1408	10	10	0	0	45s	100	1	6522
r	326	1402	10	10	0	0	45s	100	1	6522
r	345	1385	10	10	0	0	45s	100	1	6522
r	373	1385	10	10	0	0	45s	100	1	6522
r	385	1394	10	10	0	0	45s	100	1	6522
r	364	1405	10	10	0	0	45s	100	1	6522
r	390	1416	10	10	0	0	45s	100	1	6522
r	409	1431	10	10	0	0	45s	100	1	6522
r	437	1433	10	10	0	0	45s	100	1	6522
r	459	1428	10	10	0	0	45s	100	1	6522
r	480	1425	10	10	0	0	45s	100	1	6522
r	493	1421	10	10	0	0	45s	100	1	6522
r	486	1406	10	10	0	0	45s	100	1	6522
r	458	1403	10	10	0	0	45s	100	1	6522
r	434	1404	10	10	0	0	45s	100	1	6522
r	420	1395	10	10	0	0	45s	100	1	6522
r	414	1376	10	10	0	0	45s	100	1	6522
r	411	1360	10	10	0	0	45s	100	1	6522
r	400	1336	10	10	0	0	45s	100	1	6522
r	391	1341	10	10	0	0	45s	100	1	6522
r	382	1352	10	10	0	0	45s	100	1	6522
r	370	1355	10	10	0	0	45s	100	1	6522
r	358	1357	10	10	0	0	45s	100	1	6522
r	345	1358	10	10	0	0	45s	100	1	6522
r	282	1347	10	10	0	0	45s	100	1	6522
r	265	1338	10	10	0	0	45s	100	1	6522
r	259	1334	10	10	0	0	45s	100	1	6522
r	264	1316	10	10	0	0	45s	100	1	6522
r	280	1320	10	10	0	0	45s	100	1	6522
r	308	1330	10	10	0	0	45s	100	1	6522
r	311	1324	10	10	0	0	45s	100	1	6522
r	312	1297	10	10	0	0	45s	100	1	6522
r	332	1307	10	10	0	0	45s	100	1	6522
r	353	1319	10	10	0	0	45s	100	1	6522
r	390	1317	10	10	0	0	45s	100	1	6522
r	408	1323	10	10	0	0	45s	100	1	6522
r	369	1333	10	10	0	0	45s	100	1	6522
r	352	1335	10	10	0	0	45s	100	1	6522
r	467	1389	10	10	0	0	45s	100	1	6522
r	502	1362	10	10	0	0	45s	100	1	6522
r	522	1361	10	10	0	0	45s	100	1	6522
r	566	1357	10	10	0	0	45s	100	1	6522
r	602	1351	10	10	0	0	45s	100	1	6522
r	623	1347	10	10	0	0	45s	100	1	6522
r	646	1348	10	10	0	0	45s	100	1	6522
r	677	1362	10	10	0	0	45s	100	1	6522
r	709	1372	10	10	0	0	45s	100	1	6522
r	726	1381	10	10	0	0	45s	100	1	6522
r	714	1393	10	10	0	0	45s	100	1	6522
r	684	1395	10	10	0	0	45s	100	1	6522
r	665	1388	10	10	0	0	45s	100	1	6522
r	638	1383	10	10	0	0	45s	100	1	6522
r	609	1380	10	10	0	0	45s	100	1	6522
r	583	1372	10	10	0	0	45s	100	1	6522
r	560	1373	10	10	0	0	45s	100	1	6522
r	535	1379	10	10	0	0	45s	100	1	6522
r	502	1381	10	10	0	0	45s	100	1	6522
r	525	1402	10	10	0	0	45s	100	1	6522
r	553	1402	10	10	0	0	45s	100	1	6522
r	573	1411	10	10	0	0	45s	100	1	6522
r	594	1436	10	10	0	0	45s	100	1	6522
r	623	1442	10	10	0	0	45s	100	1	6522
r	634	1449	10	10	0	0	45s	100	1	6522
r	675	1444	10	10	0	0	45s	100	1	6522
r	689	1444	10	10	0	0	45s	100	1	6522
r	705	1449	10	10	0	0	45s	100	1	6522
r	728	1451	10	10	0	0	45s	100	1	6522
r	736	1445	10	10	0	0	45s	100	1	6522
r	712	1430	10	10	0	0	45s	100	1	6522
r	692	1434	10	10	0	0	45s	100	1	6522
r	683	1434	10	10	0	0	45s	100	1	6522
r	659	1432	10	10	0	0	45s	100	1	6522
r	631	1432	10	10	0	0	45s	100	1	6522
r	602	1422	10	10	0	0	45s	100	1	6522
r	588	1413	10	10	0	0	45s	100	1	6522
r	594	1406	10	10	0	0	45s	100	1	6522
r	613	1408	10	10	0	0	45s	100	1	6522
r	637	1410	10	10	0	0	45s	100	1	6522
r	659	1412	10	10	0	0	45s	100	1	6522
r	683	1413	10	10	0	0	45s	100	1	6522
r	643	1397	10	10	0	0	45s	100	1	6522
r	628	1329	10	10	0	0	45s	100	1	6522
r	656	1331	10	10	0	0	45s	100	1	6522
r	768	1396	10	10	0	0	45s	100	1	6522
r	798	1379	10	10	0	0	45s	100	1	6522
r	829	1383	10	10	0	0	45s	100	1	6522
r	864	1390	10	10	0	0	45s	100	1	6522
r	925	1386	10	10	0	0	45s	100	1	6522
r	961	1397	10	10	0	0	45s	100	1	6522
r	987	1400	10	10	0	0	45s	100	1	6522
r	1016	1403	10	10	0	0	45s	100	1	6522
r	975	1417	10	10	0	0	45s	100	1	6522
r	962	1415	10	10	0	0	45s	100	1	6522
r	945	1400	10	10	0	0	45s	100	1	6522
r	913	1395	10	10	0	0	45s	100	1	6522
r	903	1412	10	10	0	0	45s	100	1	6522
r	899	1429	10	10	0	0	45s	100	1	6522
r	891	1394	10	10	0	0	45s	100	1	6522
r	897	1390	10	10	0	0	45s	100	1	6522
r	874	1384	10	10	0	0	45s	100	1	6522
r	834	1378	10	10	0	0	45s	100	1	6522
r	845	1391	10	10	0	0	45s	100	1	6522
r	850	1395	10	10	0	0	45s	100	1	6522
r	836	1375	10	10	0	0	45s	100	1	6522
r	818	1373	10	10	0	0	45s	100	1	6522
r	810	1387	10	10	0	0	45s	100	1	6522
r	795	1394	10	10	0	0	45s	100	1	6522
r	776	1381	10	10	0	0	45s	100	1	6522
r	764	1384	10	10	0	0	45s	100	1	6522
r	730	1425	10	10	0	0	45s	100	1	6522
r	735	1433	10	10	0	0	45s	100	1	6522
r	749	1418	10	10	0	0	45s	100	1	6522
r	758	1414	10	10	0	0	45s	100	1	6522
r	987	1356	10	10	0	0	45s	100	1	6522
r	944	1350	10	10	0	0	45s	100	1	6522
r	917	1342	10	10	0	0	45s	100	1	6522
r	901	1338	10	10	0	0	45s	100	1	6522
r	880	1338	10	10	0	0	45s	100	1	6522
r	863	1341	10	10	0	0	45s	100	1	6522
r	848	1335	10	10	0	0	45s	100	1	6522
r	826	1325	10	10	0	0	45s	100	1	6522
r	813	1328	10	10	0	0	45s	100	1	6522
r	792	1333	10	10	0	0	45s	100	1	6522
r	765	1339	10	10	0	0	45s	100	1	6522
r	724	1338	10	10	0	0	45s	100	1	6522
r	712	1319	10	10	0	0	45s	100	1	6522
r	695	1305	10	10	0	0	45s	100	1	6522
r	672	1282	10	10	0	0	45s	100	1	6522
r	658	1280	10	10	0	0	45s	100	1	6522
r	637	1288	10	10	0	0	45s	100	1	6522
r	589	1301	10	10	0	0	45s	100	1	6522
r	557	1306	10	10	0	0	45s	100	1	6522
r	595	1286	10	10	0	0	45s	100	1	6522
r	620	1273	10	10	0	0	45s	100	1	6522
r	660	1262	10	10	0	0	45s	100	1	6522
r	703	1275	10	10	0	0	45s	100	1	6522
r	720	1292	10	10	0	0	45s	100	1	6522
r	758	1293	10	10	0	0	45s	100	1	6522
r	782	1298	10	10	0	0	45s	100	1	6522
r	797	1305	10	10	0	0	45s	100	1	6522
r	827	1296	10	10	0	0	45s	100	1	6522
r	856	1289	10	10	0	0	45s	100	1	6522
r	870	1287	10	10	0	0	45s	100	1	6522
r	886	1290	10	10	0	0	45s	100	1	6522
r	910	1303	10	10	0	0	45s	100	1	6522
r	934	1318	10	10	0	0	45s	100	1	6522
r	966	1330	10	10	0	0	45s	100	1	6522
r	982	1337	10	10	0	0	45s	100	1	6522
r	913	1290	10	10	0	0	45s	100	1	6522
r	926	1279	10	10	0	0	45s	100	1	6522
r	947	1280	10	10	0	0	45s	100	1	6522
r	932	1259	10	10	0	0	45s	100	1	6522
r	927	1246	10	10	0	0	45s	100	1	6522
r	943	1227	10	10	0	0	45s	100	1	6522
r	963	1212	10	10	0	0	45s	100	1	6522
r	943	1184	10	10	0	0	45s	100	1	6522
r	939	1187	10	10	0	0	45s	100	1	6522
r	915	1222	10	10	0	0	45s	100	1	6522
r	909	1243	10	10	0	0	45s	100	1	6522
r	892	1264	10	10	0	0	45s	100	1	6522
r	876	1260	10	10	0	0	45s	100	1	6522
r	926	1230	10	10	0	0	45s	100	1	6522
r	944	1215	10	10	0	0	45s	100	1	6522
r	929	1180	10	10	0	0	45s	100	1	6522
r	917	1179	10	10	0	0	45s	100	1	6522
r	888	1198	10	10	0	0	45s	100	1	6522
r	879	1227	10	10	0	0	45s	100	1	6522
r	853	1255	10	10	0	0	45s	100	1	6522
r	837	1271	10	10	0	0	45s	100	1	6522
r	837	1240	10	10	0	0	45s	100	1	6522
r	862	1225	10	10	0	0	45s	100	1	6522
r	902	1194	10	10	0	0	45s	100	1	6522
r	915	1195	10	10	0	0	45s	100	1	6522
r	871	1241	10	10	0	0	45s	100	1	6522
r	850	1248	10	10	0	0	45s	100	1	6522
r	818	1256	10	10	0	0	45s	100	1	6522
r	817	1277	10	10	0	0	45s	100	1	6522
r	798	1286	10	10	0	0	45s	100	1	6522
r	767	1269	10	10	0	0	45s	100	1	6522
r	743	1277	10	10	0	0	45s	100	1	6522
r	739	1290	10	10	0	0	45s	100	1	6522
r	737	1306	10	10	0	0	45s	100	1	6522
r	738	1314	10	10	0	0	45s	100	1	6522
r	772	1258	10	10	0	0	45s	100	1	6522
r	789	1249	10	10	0	0	45s	100	1	6522
r	783	1234	10	10	0	0	45s	100	1	6522
r	774	1231	10	10	0	0	45s	100	1	6522
r	750	1236	10	10	0	0	45s	100	1	6522
r	740	1260	10	10	0	0	45s	100	1	6522
r	721	1263	10	10	0	0	45s	100	1	6522
r	708	1258	10	10	0	0	45s	100	1	6522
r	686	1261	10	10	0	0	45s	100	1	6522
r	662	1254	10	10	0	0	45s	100	1	6522
r	639	1247	10	10	0	0	45s	100	1	6522
r	622	1238	10	10	0	0	45s	100	1	6522
r	602	1216	10	10	0	0	45s	100	1	6522
r	583	1202	10	10	0	0	45s	100	1	6522
r	581	1189	10	10	0	0	45s	100	1	6522
r	597	1181	10	10	0	0	45s	100	1	6522
r	619	1195	10	10	0	0	45s	100	1	6522
r	630	1211	10	10	0	0	45s	100	1	6522
r	602	1235	10	10	0	0	45s	100	1	6522
r	603	1236	10	10	0	0	45s	100	1	6522
r	645	1220	10	10	0	0	45s	100	1	6522
r	673	1208	10	10	0	0	45s	100	1	6522
r	698	1195	10	10	0	0	45s	100	1	6522
r	706	1208	10	10	0	0	45s	100	1	6522
r	731	1217	10	10	0	0	45s	100	1	6522
r	763	1215	10	10	0	0	45s	100	1	6522
r	780	1210	10	10	0	0	45s	100	1	6522
r	814	1190	10	10	0	0	45s	100	1	6522
r	843	1177	10	10	0	0	45s	100	1	6522
r	871	1172	10	10	0	0	45s	100	1	6522
r	891	1170	10	10	0	0	45s	100	1	6522
r	953	1163	10	10	0	0	45s	100	1	6522
r	970	1174	10	10	0	0	45s	100	1	6522
r	971	1187	10	10	0	0	45s	100	1	6522
r	1095	1132	10	10	0	0	45s	100	1	6522
r	1038	1137	10	10	0	0	45s	100	1	6522
r	1023	1155	10	10	0	0	45s	100	1	6522
r	990	1159	10	10	0	0	45s	100	1	6522
r	946	1135	10	10	0	0	45s	100	1	6522
r	916	1117	10	10	0	0	45s	100	1	6522
r	896	1108	10	10	0	0	45s	100	1	6522
r	879	1116	10	10	0	0	45s	100	1	6522
r	869	1127	10	10	0	0	45s	100	1	6522
r	825	1110	10	10	0	0	45s	100	1	6522
r	813	1108	10	10	0	0	45s	100	1	6522
r	794	1111	10	10	0	0	45s	100	1	6522
r	780	1155	10	10	0	0	45s	100	1	6522
r	764	1172	10	10	0	0	45s	100	1	6522
r	739	1189	10	10	0	0	45s	100	1	6522
r	725	1183	10	10	0	0	45s	100	1	6522
r	738	1157	10	10	0	0	45s	100	1	6522
r	754	1137	10	10	0	0	45s	100	1	6522
r	760	1114	10	10	0	0	45s	100	1	6522
r	760	1106	10	10	0	0	45s	100	1	6522
r	752	1105	10	10	0	0	45s	100	1	6522
r	737	1126	10	10	0	0	45s	100	1	6522
r	728	1142	10	10	0	0	45s	100	1	6522
r	703	1150	10	10	0	0	45s	100	1	6522
r	665	1147	10	10	0	0	45s	100	1	6522
r	637	1155	10	10	0	0	45s	100	1	6522
r	612	1159	10	10	0	0	45s	100	1	6522
r	584	1150	10	10	0	0	45s	100	1	6522
r	564	1149	10	10	0	0	45s	100	1	6522
r	539	1150	10	10	0	0	45s	100	1	6522
r	525	1154	10	10	0	0	45s	100	1	6522
r	512	1128	10	10	0	0	45s	100	1	6522
r	522	1119	10	10	0	0	45s	100	1	6522
r	554	1093	10	10	0	0	45s	100	1	6522
r	580	1085	10	10	0	0	45s	100	1	6522
r	570	1111	10	10	0	0	45s	100	1	6522
r	564	1120	10	10	0	0	45s	100	1	6522
r	577	1133	10	10	0	0	45s	100	1	6522
r	594	1124	10	10	0	0	45s	100	1	6522
r	595	1095	10	10	0	0	45s	100	1	6522
r	623	1080	10	10	0	0	45s	100	1	6522
r	636	1091	10	10	0	0	45s	100	1	6522
r	652	1111	10	10	0	0	45s	100	1	6522
r	701	1095	10	10	0	0	45s	100	1	6522
r	722	1085	10	10	0	0	45s	100	1	6522
r	740	1080	10	10	0	0	45s	100	1	6522
r	750	1066	10	10	0	0	45s	100	1	6522
r	704	1070	10	10	0	0	45s	100	1	6522
r	686	1079	10	10	0	0	45s	100	1	6522
r	661	1109	10	10	0	0	45s	100	1	6522
r	657	1136	10	10	0	0	45s	100	1	6522
r	635	1141	10	10	0	0	45s	100	1	6522
r	652	1125	10	10	0	0	45s	100	1	6522
r	691	1118	10	10	0	0	45s	100	1	6522
r	679	1059	10	10	0	0	45s	100	1	6522
r	669	1039	10	10	0	0	45s	100	1	6522
r	643	1043	10	10	0	0	45s	100	1	6522
r	634	1059	10	10	0	0	45s	100	1	6522
r	607	1066	10	10	0	0	45s	100	1	6522
r	591	1051	10	10	0	0	45s	100	1	6522
r	570	1053	10	10	0	0	45s	100	1	6522
r	543	1071	10	10	0	0	45s	100	1	6522
r	528	1084	10	10	0	0	45s	100	1	6522
r	518	1091	10	10	0	0	45s	100	1	6522
r	839	1083	10	10	0	0	45s	100	1	6522
r	868	1081	10	10	0	0	45s	100	1	6522
r	883	1086	10	10	0	0	45s	100	1	6522
r	916	1092	10	10	0	0	45s	100	1	6522
r	941	1104	10	10	0	0	45s	100	1	6522
r	960	1109	10	10	0	0	45s	100	1	6522
r	980	1116	10	10	0	0	45s	100	1	6522
r	1000	1117	10	10	0	0	45s	100	1	6522
r	1032	1118	10	10	0	0	45s	100	1	6522
r	1063	1114	10	10	0	0	45s	100	1	6522
r	1061	1097	10	10	0	0	45s	100	1	6522
r	1053	1077	10	10	0	0	45s	100	1	6522
r	1038	1059	10	10	0	0	45s	100	1	6522
r	1012	1066	10	10	0	0	45s	100	1	6522
r	984	1086	10	10	0	0	45s	100	1	6522
r	970	1105	10	10	0	0	45s	100	1	6522
r	951	1128	10	10	0	0	45s	100	1	6522
r	946	1079	10	10	0	0	45s	100	1	6522
r	953	1067	10	10	0	0	45s	100	1	6522
r	966	1040	10	10	0	0	45s	100	1	6522
r	983	1026	10	10	0	0	45s	100	1	6522
r	1000	1030	10	10	0	0	45s	100	1	6522
r	1004	1045	10	10	0	0	45s	100	1	6522
r	1021	1047	10	10	0	0	45s	100	1	6522
r	1059	1039	10	10	0	0	45s	100	1	6522
r	1075	1037	10	10	0	0	45s	100	1	6522
r	1096	1036	10	10	0	0	45s	100	1	6522
r	1111	1029	10	10	0	0	45s	100	1	6522
r	1132	1023	10	10	0	0	45s	100	1	6522
r	1083	1014	10	10	0	0	45s	100	1	6522
r	1074	997	10	10	0	0	45s	100	1	6522
r	1081	970	10	10	0	0	45s	100	1	6522
r	1082	954	10	10	0	0	45s	100	1	6522
r	1073	978	10	10	0	0	45s	100	1	6522
r	1066	985	10	10	0	0	45s	100	1	6522
r	1049	987	10	10	0	0	45s	100	1	6522
r	1027	985	10	10	0	0	45s	100	1	6522
r	1016	980	10	10	0	0	45s	100	1	6522
r	991	988	10	10	0	0	45s	100	1	6522
r	984	1006	10	10	0	0	45s	100	1	6522
r	1003	992	10	10	0	0	45s	100	1	6522
r	1016	937	10	10	0	0	45s	100	1	6522
r	1020	928	10	10	0	0	45s	100	1	6522
r	1051	920	10	10	0	0	45s	100	1	6522
r	1068	926	10	10	0	0	45s	100	1	6522
r	1056	933	10	10	0	0	45s	100	1	6522
r	1040	939	10	10	0	0	45s	100	1	6522
r	1026	960	10	10	0	0	45s	100	1	6522
r	1001	963	10	10	0	0	45s	100	1	6522
r	989	949	10	10	0	0	45s	100	1	6522
r	998	923	10	10	0	0	45s	100	1	6522
r	1029	908	10	10	0	0	45s	100	1	6522
r	1044	887	10	10	0	0	45s	100	1	6522
r	1038	860	10	10	0	0	45s	100	1	6522
r	1021	854	10	10	0	0	45s	100	1	6522
r	973	851	10	10	0	0	45s	100	1	6522
r	979	857	10	10	0	0	45s	100	1	6522
r	998	863	10	10	0	0	45s	100	1	6522
r	1020	875	10	10	0	0	45s	100	1	6522
r	1018	895	10	10	0	0	45s	100	1	6522
r	1006	903	10	10	0	0	45s	100	1	6522
r	989	880	10	10	0	0	45s	100	1	6522
r	986	862	10	10	0	0	45s	100	1	6522
r	1008	849	10	10	0	0	45s	100	1	6522
r	1029	855	10	10	0	0	45s	100	1	6522
r	1025	884	10	10	0	0	45s	100	1	6522
r	979	902	10	10	0	0	45s	100	1	6522
r	969	915	10	10	0	0	45s	100	1	6522
r	940	911	10	10	0	0	45s	100	1	6522
r	921	907	10	10	0	0	45s	100	1	6522
r	896	908	10	10	0	0	45s	100	1	6522
r	884	889	10	10	0	0	45s	100	1	6522
r	889	881	10	10	0	0	45s	100	1	6522
r	906	864	10	10	0	0	45s	100	1	6522
r	927	857	10	10	0	0	45s	100	1	6522
r	955	863	10	10	0	0	45s	100	1	6522
r	972	883	10	10	0	0	45s	100	1	6522
r	964	893	10	10	0	0	45s	100	1	6522
r	958	893	10	10	0	0	45s	100	1	6522
r	943	895	10	10	0	0	45s	100	1	6522
r	914	909	10	10	0	0	45s	100	1	6522
r	1021	1153	10	10	0	0	45s	100	1	6522
r	238	1316	10	10	0	0	45s	100	1	6522
r	243	1284	10	10	0	0	45s	100	1	6522
r	258	1257	10	10	0	0	45s	100	1	6522
r	266	1228	10	10	0	0	45s	100	1	6522
r	248	1275	10	10	0	0	45s	100	1	6522
r	222	1315	10	10	0	0	45s	100	1	6522
r	213	1315	10	10	0	0	45s	100	1	6522
r	205	1285	10	10	0	0	45s	100	1	6522
r	179	1280	10	10	0	0	45s	100	1	6522
r	150	1274	10	10	0	0	45s	100	1	6522
r	128	1262	10	10	0	0	45s	100	1	6522
r	124	1245	10	10	0	0	45s	100	1	6522
r	144	1231	10	10	0	0	45s	100	1	6522
r	177	1232	10	10	0	0	45s	100	1	6522
r	204	1254	10	10	0	0	45s	100	1	6522
r	237	1256	10	10	0	0	45s	100	1	6522
r	267	1243	10	10	0	0	45s	100	1	6522
r	278	1242	10	10	0	0	45s	100	1	6522
r	258	1264	10	10	0	0	45s	100	1	6522
r	224	1259	10	10	0	0	45s	100	1	6522
r	243	1229	10	10	0	0	45s	100	1	6522
r	247	1213	10	10	0	0	45s	100	1	6522
r	231	1207	10	10	0	0	45s	100	1	6522
r	208	1225	10	10	0	0	45s	100	1	6522
r	198	1230	10	10	0	0	45s	100	1	6522
r	176	1206	10	10	0	0	45s	100	1	6522
r	168	1202	10	10	0	0	45s	100	1	6522
r	141	1202	10	10	0	0	45s	100	1	6522
r	126	1231	10	10	0	0	45s	100	1	6522
r	119	1236	10	10	0	0	45s	100	1	6522
r	157	1184	10	10	0	0	45s	100	1	6522
r	188	1190	10	10	0	0	45s	100	1	6522
r	212	1208	10	10	0	0	45s	100	1	6522
r	238	1191	10	10	0	0	45s	100	1	6522
r	253	1179	10	10	0	0	45s	100	1	6522
r	261	1168	10	10	0	0	45s	100	1	6522
r	252	1148	10	10	0	0	45s	100	1	6522
r	235	1167	10	10	0	0	45s	100	1	6522
r	227	1174	10	10	0	0	45s	100	1	6522
r	231	1145	10	10	0	0	45s	100	1	6522
r	196	1159	10	10	0	0	45s	100	1	6522
r	189	1174	10	10	0	0	45s	100	1	6522
r	171	1181	10	10	0	0	45s	100	1	6522
r	148	1177	10	10	0	0	45s	100	1	6522
r	127	1172	10	10	0	0	45s	100	1	6522
r	108	1155	10	10	0	0	45s	100	1	6522
r	114	1155	10	10	0	0	45s	100	1	6522
r	157	1156	10	10	0	0	45s	100	1	6522
r	181	1155	10	10	0	0	45s	100	1	6522
r	196	1152	10	10	0	0	45s	100	1	6522
r	189	1133	10	10	0	0	45s	100	1	6522
r	158	1136	10	10	0	0	45s	100	1	6522
r	118	1136	10	10	0	0	45s	100	1	6522
r	111	1115	10	10	0	0	45s	100	1	6522
r	115	1107	10	10	0	0	45s	100	1	6522
r	141	1097	10	10	0	0	45s	100	1	6522
r	160	1114	10	10	0	0	45s	100	1	6522
r	170	1129	10	10	0	0	45s	100	1	6522
r	117	1080	10	10	0	0	45s	100	1	6522
r	99	1086	10	10	0	0	45s	100	1	6522
r	93	1045	10	10	0	0	45s	100	1	6522
r	113	1046	10	10	0	0	45s	100	1	6522
r	155	1063	10	10	0	0	45s	100	1	6522
r	160	1050	10	10	0	0	45s	100	1	6522
r	166	1030	10	10	0	0	45s	100	1	6522
r	140	1034	10	10	0	0	45s	100	1	6522
r	140	1061	10	10	0	0	45s	100	1	6522
r	150	1072	10	10	0	0	45s	100	1	6522
r	193	1031	10	10	0	0	45s	100	1	6522
r	205	1032	10	10	0	0	45s	100	1	6522
r	207	1048	10	10	0	0	45s	100	1	6522
r	242	1052	10	10	0	0	45s	100	1	6522
r	253	1067	10	10	0	0	45s	100	1	6522
r	287	1070	10	10	0	0	45s	100	1	6522
r	273	1086	10	10	0	0	45s	100	1	6522
r	270	1100	10	10	0	0	45s	100	1	6522
r	270	1101	10	10	0	0	45s	100	1	6522
r	251	1130	10	10	0	0	45s	100	1	6522
r	245	1145	10	10	0	0	45s	100	1	6522
r	278	1061	10	10	0	0	45s	100	1	6522
r	267	1038	10	10	0	0	45s	100	1	6522
r	265	1019	10	10	0	0	45s	100	1	6522
r	280	1004	10	10	0	0	45s	100	1	6522
r	290	998	10	10	0	0	45s	100	1	6522
r	272	1031	10	10	0	0	45s	100	1	6522
r	257	1034	10	10	0	0	45s	100	1	6522
r	240	1017	10	10	0	0	45s	100	1	6522
r	227	998	10	10	0	0	45s	100	1	6522
r	245	1005	10	10	0	0	45s	100	1	6522
r	261	1018	10	10	0	0	45s	100	1	6522
r	234	1007	10	10	0	0	45s	100	1	6522
r	220	1018	10	10	0	0	45s	100	1	6522
r	215	1020	10	10	0	0	45s	100	1	6522
r	186	1001	10	10	0	0	45s	100	1	6522
r	162	1001	10	10	0	0	45s	100	1	6522
r	146	1012	10	10	0	0	45s	100	1	6522
r	127	1016	10	10	0	0	45s	100	1	6522
r	142	997	10	10	0	0	45s	100	1	6522
r	170	976	10	10	0	0	45s	100	1	6522
r	185	977	10	10	0	0	45s	100	1	6522
r	202	992	10	10	0	0	45s	100	1	6522
r	224	973	10	10	0	0	45s	100	1	6522
r	227	968	10	10	0	0	45s	100	1	6522
r	224	943	10	10	0	0	45s	100	1	6522
r	227	929	10	10	0	0	45s	100	1	6522
r	237	908	10	10	0	0	45s	100	1	6522
r	220	917	10	10	0	0	45s	100	1	6522
r	208	928	10	10	0	0	45s	100	1	6522
r	203	940	10	10	0	0	45s	100	1	6522
r	175	946	10	10	0	0	45s	100	1	6522
r	149	974	10	10	0	0	45s	100	1	6522
r	145	976	10	10	0	0	45s	100	1	6522
r	146	965	10	10	0	0	45s	100	1	6522
r	152	947	10	10	0	0	45s	100	1	6522
r	155	935	10	10	0	0	45s	100	1	6522
r	154	926	10	10	0	0	45s	100	1	6522
r	140	897	10	10	0	0	45s	100	1	6522
r	155	878	10	10	0	0	45s	100	1	6522
r	190	863	10	10	0	0	45s	100	1	6522
r	206	872	10	10	0	0	45s	100	1	6522
r	242	882	10	10	0	0	45s	100	1	6522
r	270	883	10	10	0	0	45s	100	1	6522
r	294	883	10	10	0	0	45s	100	1	6522
r	313	897	10	10	0	0	45s	100	1	6522
r	306	899	10	10	0	0	45s	100	1	6522
r	272	890	10	10	0	0	45s	100	1	6522
r	251	890	10	10	0	0	45s	100	1	6522
r	232	906	10	10	0	0	45s	100	1	6522
r	197	885	10	10	0	0	45s	100	1	6522
r	172	897	10	10	0	0	45s	100	1	6522
r	153	910	10	10	0	0	45s	100	1	6522
r	136	914	10	10	0	0	45s	100	1	6522
r	131	912	10	10	0	0	45s	100	1	6522
r	134	877	10	10	0	0	45s	100	1	6522
r	151	855	10	10	0	0	45s	100	1	6522
r	169	845	10	10	0	0	45s	100	1	6522
r	192	840	10	10	0	0	45s	100	1	6522
r	222	835	10	10	0	0	45s	100	1	6522
r	270	860	10	10	0	0	45s	100	1	6522
r	290	872	10	10	0	0	45s	100	1	6522
r	299	866	10	10	0	0	45s	100	1	6522
r	288	834	10	10	0	0	45s	100	1	6522
r	298	820	10	10	0	0	45s	100	1	6522
r	309	813	10	10	0	0	45s	100	1	6522
r	282	830	10	10	0	0	45s	100	1	6522
r	271	838	10	10	0	0	45s	100	1	6522
r	251	842	10	10	0	0	45s	100	1	6522
r	266	811	10	10	0	0	45s	100	1	6522
r	235	794	10	10	0	0	45s	100	1	6522
r	213	797	10	10	0	0	45s	100	1	6522
r	207	816	10	10	0	0	45s	100	1	6522
r	232	827	10	10	0	0	45s	100	1	6522
r	247	799	10	10	0	0	45s	100	1	6522
r	250	773	10	10	0	0	45s	100	1	6522
r	247	753	10	10	0	0	45s	100	1	6522
r	244	751	10	10	0	0	45s	100	1	6522
r	226	778	10	10	0	0	45s	100	1	6522
r	203	784	10	10	0	0	45s	100	1	6522
r	184	795	10	10	0	0	45s	100	1	6522
r	155	814	10	10	0	0	45s	100	1	6522
r	154	816	10	10	0	0	45s	100	1	6522
r	125	815	10	10	0	0	45s	100	1	6522
r	124	794	10	10	0	0	45s	100	1	6522
r	129	779	10	10	0	0	45s	100	1	6522
r	153	793	10	10	0	0	45s	100	1	6522
r	167	801	10	10	0	0	45s	100	1	6522
r	183	784	10	10	0	0	45s	100	1	6522
r	162	769	10	10	0	0	45s	100	1	6522
r	151	759	10	10	0	0	45s	100	1	6522
r	151	724	10	10	0	0	45s	100	1	6522
r	170	727	10	10	0	0	45s	100	1	6522
r	193	732	10	10	0	0	45s	100	1	6522
r	222	733	10	10	0	0	45s	100	1	6522
r	297	742	10	10	0	0	45s	100	1	6522
r	296	745	10	10	0	0	45s	100	1	6522
r	283	744	10	10	0	0	45s	100	1	6522
r	260	727	10	10	0	0	45s	100	1	6522
r	250	717	10	10	0	0	45s	100	1	6522
r	227	695	10	10	0	0	45s	100	1	6522
r	221	690	10	10	0	0	45s	100	1	6522
r	210	682	10	10	0	0	45s	100	1	6522
r	202	674	10	10	0	0	45s	100	1	6522
r	191	659	10	10	0	0	45s	100	1	6522
r	183	644	10	10	0	0	45s	100	1	6522
r	177	636	10	10	0	0	45s	100	1	6522
r	168	629	10	10	0	0	45s	100	1	6522
r	163	624	10	10	0	0	45s	100	1	6522
r	155	625	10	10	0	0	45s	100	1	6522
r	147	634	10	10	0	0	45s	100	1	6522
r	140	647	10	10	0	0	45s	100	1	6522
r	131	656	10	10	0	0	45s	100	1	6522
r	123	668	10	10	0	0	45s	100	1	6522
r	169	675	10	10	0	0	45s	100	1	6522
r	176	676	10	10	0	0	45s	100	1	6522
r	197	694	10	10	0	0	45s	100	1	6522
r	188	707	10	10	0	0	45s	100	1	6522
r	157	710	10	10	0	0	45s	100	1	6522
r	146	700	10	10	0	0	45s	100	1	6522
r	143	697	10	10	0	0	45s	100	1	6522
r	139	736	10	10	0	0	45s	100	1	6522
r	139	749	10	10	0	0	45s	100	1	6522
r	144	753	10	10	0	0	45s	100	1	6522
r	174	745	10	10	0	0	45s	100	1	6522
r	186	737	10	10	0	0	45s	100	1	6522
r	215	718	10	10	0	0	45s	100	1	6522
r	219	717	10	10	0	0	45s	100	1	6522
r	161	680	10	10	0	0	45s	100	1	6522
r	178	697	10	10	0	0	45s	100	1	6522
r	182	685	10	10	0	0	45s	100	1	6522
r	169	694	10	10	0	0	45s	100	1	6522
r	166	694	10	10	0	0	45s	100	1	6522
r	156	689	10	10	0	0	45s	100	1	6522
r	145	677	10	10	0	0	45s	100	1	6522
r	160	652	10	10	0	0	45s	100	1	6522
r	234	627	10	10	0	0	45s	100	1	6522
r	233	617	10	10	0	0	45s	100	1	6522
r	261	601	10	10	0	0	45s	100	1	6522
r	281	596	10	10	0	0	45s	100	1	6522
r	290	617	10	10	0	0	45s	100	1	6522
r	267	615	10	10	0	0	45s	100	1	6522
r	256	607	10	10	0	0	45s	100	1	6522
r	239	610	10	10	0	0	45s	100	1	6522
r	230	619	10	10	0	0	45s	100	1	6522
r	228	645	10	10	0	0	45s	100	1	6522
r	248	655	10	10	0	0	45s	100	1	6522
r	270	671	10	10	0	0	45s	100	1	6522
r	301	693	10	10	0	0	45s	100	1	6522
r	298	683	10	10	0	0	45s	100	1	6522
r	276	647	10	10	0	0	45s	100	1	6522
r	267	635	10	10	0	0	45s	100	1	6522
r	295	630	10	10	0	0	45s	100	1	6522
r	296	640	10	10	0	0	45s	100	1	6522
r	277	662	10	10	0	0	45s	100	1	6522
r	289	705	10	10	0	0	45s	100	1	6522
r	308	708	10	10	0	0	45s	100	1	6522
r	327	712	10	10	0	0	45s	100	1	6522
r	332	688	10	10	0	0	45s	100	1	6522
r	349	691	10	10	0	0	45s	100	1	6522
r	370	709	10	10	0	0	45s	100	1	6522
r	389	721	10	10	0	0	45s	100	1	6522
r	413	719	10	10	0	0	45s	100	1	6522
r	427	718	10	10	0	0	45s	100	1	6522
r	440	718	10	10	0	0	45s	100	1	6522
r	454	722	10	10	0	0	45s	100	1	6522
r	498	712	10	10	0	0	45s	100	1	6522
r	515	712	10	10	0	0	45s	100	1	6522
r	534	720	10	10	0	0	45s	100	1	6522
r	548	725	10	10	0	0	45s	100	1	6522
r	577	732	10	10	0	0	45s	100	1	6522
r	595	743	10	10	0	0	45s	100	1	6522
r	607	749	10	10	0	0	45s	100	1	6522
r	637	737	10	10	0	0	45s	100	1	6522
r	646	747	10	10	0	0	45s	100	1	6522
r	634	768	10	10	0	0	45s	100	1	6522
r	626	778	10	10	0	0	45s	100	1	6522
r	625	803	10	10	0	0	45s	100	1	6522
r	646	813	10	10	0	0	45s	100	1	6522
r	662	817	10	10	0	0	45s	100	1	6522
r	669	823	10	10	0	0	45s	100	1	6522
r	633	827	10	10	0	0	45s	100	1	6522
r	603	812	10	10	0	0	45s	100	1	6522
r	595	801	10	10	0	0	45s	100	1	6522
r	590	752	10	10	0	0	45s	100	1	6522
r	583	790	10	10	0	0	45s	100	1	6522
r	581	802	10	10	0	0	45s	100	1	6522
r	574	811	10	10	0	0	45s	100	1	6522
r	556	824	10	10	0	0	45s	100	1	6522
r	533	828	10	10	0	0	45s	100	1	6522
r	514	821	10	10	0	0	45s	100	1	6522
r	502	814	10	10	0	0	45s	100	1	6522
r	484	817	10	10	0	0	45s	100	1	6522
r	455	827	10	10	0	0	45s	100	1	6522
r	433	833	10	10	0	0	45s	100	1	6522
r	419	836	10	10	0	0	45s	100	1	6522
r	401	842	10	10	0	0	45s	100	1	6522
r	376	846	10	10	0	0	45s	100	1	6522
r	355	848	10	10	0	0	45s	100	1	6522
r	345	842	10	10	0	0	45s	100	1	6522
r	353	823	10	10	0	0	45s	100	1	6522
r	362	821	10	10	0	0	45s	100	1	6522
r	376	820	10	10	0	0	45s	100	1	6522
r	392	817	10	10	0	0	45s	100	1	6522
r	414	815	10	10	0	0	45s	100	1	6522
r	443	812	10	10	0	0	45s	100	1	6522
r	472	810	10	10	0	0	45s	100	1	6522
r	518	808	10	10	0	0	45s	100	1	6522
r	557	800	10	10	0	0	45s	100	1	6522
r	580	785	10	10	0	0	45s	100	1	6522
r	587	774	10	10	0	0	45s	100	1	6522
r	531	787	10	10	0	0	45s	100	1	6522
r	525	787	10	10	0	0	45s	100	1	6522
r	511	788	10	10	0	0	45s	100	1	6522
r	476	791	10	10	0	0	45s	100	1	6522
r	446	795	10	10	0	0	45s	100	1	6522
r	426	797	10	10	0	0	45s	100	1	6522
r	516	772	10	10	0	0	45s	100	1	6522
r	542	748	10	10	0	0	45s	100	1	6522
r	543	743	10	10	0	0	45s	100	1	6522
r	508	764	10	10	0	0	45s	100	1	6522
r	494	771	10	10	0	0	45s	100	1	6522
r	493	748	10	10	0	0	45s	100	1	6522
r	486	747	10	10	0	0	45s	100	1	6522
r	476	755	10	10	0	0	45s	100	1	6522
r	475	764	10	10	0	0	45s	100	1	6522
r	446	740	10	10	0	0	45s	100	1	6522
r	433	744	10	10	0	0	45s	100	1	6522
r	442	766	10	10	0	0	45s	100	1	6522
r	420	779	10	10	0	0	45s	100	1	6522
r	409	781	10	10	0	0	45s	100	1	6522
r	378	796	10	10	0	0	45s	100	1	6522
r	361	800	10	10	0	0	45s	100	1	6522
r	351	796	10	10	0	0	45s	100	1	6522
r	392	762	10	10	0	0	45s	100	1	6522
r	394	749	10	10	0	0	45s	100	1	6522
r	369	735	10	10	0	0	45s	100	1	6522
r	364	732	10	10	0	0	45s	100	1	6522
r	434	1295	10	10	0	0	45s	100	1	6522
r	402	1282	10	10	0	0	45s	100	1	6522
r	385	1278	10	10	0	0	45s	100	1	6522
r	352	1272	10	10	0	0	45s	100	1	6522
r	313	1256	10	10	0	0	45s	100	1	6522
r	307	1244	10	10	0	0	45s	100	1	6522
r	321	1232	10	10	0	0	45s	100	1	6522
r	335	1230	10	10	0	0	45s	100	1	6522
r	371	1232	10	10	0	0	45s	100	1	6522
r	414	1249	10	10	0	0	45s	100	1	6522
r	445	1259	10	10	0	0	45s	100	1	6522
r	448	1256	10	10	0	0	45s	100	1	6522
r	430	1220	10	10	0	0	45s	100	1	6522
r	433	1205	10	10	0	0	45s	100	1	6522
r	457	1170	10	10	0	0	45s	100	1	6522
r	469	1151	10	10	0	0	45s	100	1	6522
r	430	1166	10	10	0	0	45s	100	1	6522
r	414	1193	10	10	0	0	45s	100	1	6522
r	390	1222	10	10	0	0	45s	100	1	6522
r	396	1241	10	10	0	0	45s	100	1	6522
r	395	1203	10	10	0	0	45s	100	1	6522
r	416	1185	10	10	0	0	45s	100	1	6522
r	409	1146	10	10	0	0	45s	100	1	6522
r	398	1145	10	10	0	0	45s	100	1	6522
r	385	1174	10	10	0	0	45s	100	1	6522
r	391	1201	10	10	0	0	45s	100	1	6522
r	363	1204	10	10	0	0	45s	100	1	6522
r	351	1185	10	10	0	0	45s	100	1	6522
r	347	1142	10	10	0	0	45s	100	1	6522
r	343	1134	10	10	0	0	45s	100	1	6522
r	315	1159	10	10	0	0	45s	100	1	6522
r	314	1192	10	10	0	0	45s	100	1	6522
r	312	1210	10	10	0	0	45s	100	1	6522
r	302	1170	10	10	0	0	45s	100	1	6522
r	312	1138	10	10	0	0	45s	100	1	6522
r	326	1109	10	10	0	0	45s	100	1	6522
r	349	1093	10	10	0	0	45s	100	1	6522
r	378	1133	10	10	0	0	45s	100	1	6522
r	391	1145	10	10	0	0	45s	100	1	6522
r	372	1082	10	10	0	0	45s	100	1	6522
r	368	1038	10	10	0	0	45s	100	1	6522
r	373	1013	10	10	0	0	45s	100	1	6522
r	374	976	10	10	0	0	45s	100	1	6522
r	369	969	10	10	0	0	45s	100	1	6522
r	337	989	10	10	0	0	45s	100	1	6522
r	316	1018	10	10	0	0	45s	100	1	6522
r	311	1037	10	10	0	0	45s	100	1	6522
r	326	1064	10	10	0	0	45s	100	1	6522
r	324	1091	10	10	0	0	45s	100	1	6522
r	325	1035	10	10	0	0	45s	100	1	6522
r	328	1034	10	10	0	0	45s	100	1	6522
r	357	1055	10	10	0	0	45s	100	1	6522
r	365	1057	10	10	0	0	45s	100	1	6522
r	387	1017	10	10	0	0	45s	100	1	6522
r	415	1017	10	10	0	0	45s	100	1	6522
r	431	1019	10	10	0	0	45s	100	1	6522
r	448	981	10	10	0	0	45s	100	1	6522
r	427	970	10	10	0	0	45s	100	1	6522
r	410	969	10	10	0	0	45s	100	1	6522
r	389	949	10	10	0	0	45s	100	1	6522
r	373	936	10	10	0	0	45s	100	1	6522
r	389	925	10	10	0	0	45s	100	1	6522
r	401	920	10	10	0	0	45s	100	1	6522
r	385	891	10	10	0	0	45s	100	1	6522
r	379	889	10	10	0	0	45s	100	1	6522
r	360	883	10	10	0	0	45s	100	1	6522
r	349	896	10	10	0	0	45s	100	1	6522
r	368	914	10	10	0	0	45s	100	1	6522
r	390	907	10	10	0	0	45s	100	1	6522
r	422	897	10	10	0	0	45s	100	1	6522
r	436	890	10	10	0	0	45s	100	1	6522
r	465	871	10	10	0	0	45s	100	1	6522
r	493	863	10	10	0	0	45s	100	1	6522
r	517	859	10	10	0	0	45s	100	1	6522
r	546	857	10	10	0	0	45s	100	1	6522
r	572	854	10	10	0	0	45s	100	1	6522
r	591	853	10	10	0	0	45s	100	1	6522
r	611	854	10	10	0	0	45s	100	1	6522
r	638	860	10	10	0	0	45s	100	1	6522
r	668	864	10	10	0	0	45s	100	1	6522
r	696	868	10	10	0	0	45s	100	1	6522
r	740	888	10	10	0	0	45s	100	1	6522
r	743	893	10	10	0	0	45s	100	1	6522
r	747	915	10	10	0	0	45s	100	1	6522
r	756	935	10	10	0	0	45s	100	1	6522
r	766	949	10	10	0	0	45s	100	1	6522
r	772	969	10	10	0	0	45s	100	1	6522
r	769	987	10	10	0	0	45s	100	1	6522
r	762	999	10	10	0	0	45s	100	1	6522
r	753	1015	10	10	0	0	45s	100	1	6522
r	747	1031	10	10	0	0	45s	100	1	6522
r	743	1046	10	10	0	0	45s	100	1	6522
r	730	1071	10	10	0	0	45s	100	1	6522
r	705	1048	10	10	0	0	45s	100	1	6522
r	706	1027	10	10	0	0	45s	100	1	6522
r	718	1021	10	10	0	0	45s	100	1	6522
r	742	1000	10	10	0	0	45s	100	1	6522
r	747	987	10	10	0	0	45s	100	1	6522
r	752	961	10	10	0	0	45s	100	1	6522
r	745	943	10	10	0	0	45s	100	1	6522
r	735	925	10	10	0	0	45s	100	1	6522
r	727	934	10	10	0	0	45s	100	1	6522
r	725	953	10	10	0	0	45s	100	1	6522
r	727	973	10	10	0	0	45s	100	1	6522
r	712	998	10	10	0	0	45s	100	1	6522
r	685	1016	10	10	0	0	45s	100	1	6522
r	685	1012	10	10	0	0	45s	100	1	6522
r	693	988	10	10	0	0	45s	100	1	6522
r	695	976	10	10	0	0	45s	100	1	6522
r	696	958	10	10	0	0	45s	100	1	6522
r	688	959	10	10	0	0	45s	100	1	6522
r	677	966	10	10	0	0	45s	100	1	6522
r	660	997	10	10	0	0	45s	100	1	6522
r	655	1007	10	10	0	0	45s	100	1	6522
r	610	1033	10	10	0	0	45s	100	1	6522
r	607	1034	10	10	0	0	45s	100	1	6522
r	622	999	10	10	0	0	45s	100	1	6522
r	640	962	10	10	0	0	45s	100	1	6522
r	642	953	10	10	0	0	45s	100	1	6522
r	600	996	10	10	0	0	45s	100	1	6522
r	593	998	10	10	0	0	45s	100	1	6522
r	579	997	10	10	0	0	45s	100	1	6522
r	535	979	10	10	0	0	45s	100	1	6522
r	484	993	10	10	0	0	45s	100	1	6522
r	469	1000	10	10	0	0	45s	100	1	6522
r	461	1013	10	10	0	0	45s	100	1	6522
r	466	1035	10	10	0	0	45s	100	1	6522
r	478	1045	10	10	0	0	45s	100	1	6522
r	489	1065	10	10	0	0	45s	100	1	6522
r	485	1079	10	10	0	0	45s	100	1	6522
r	469	1084	10	10	0	0	45s	100	1	6522
r	451	1079	10	10	0	0	45s	100	1	6522
r	441	1074	10	10	0	0	45s	100	1	6522
r	435	1074	10	10	0	0	45s	100	1	6522
r	415	1078	10	10	0	0	45s	100	1	6522
r	409	1081	10	10	0	0	45s	100	1	6522
r	424	1084	10	10	0	0	45s	100	1	6522
r	433	1085	10	10	0	0	45s	100	1	6522
r	468	1084	10	10	0	0	45s	100	1	6522
r	479	1084	10	10	0	0	45s	100	1	6522
r	491	1085	10	10	0	0	45s	100	1	6522
r	499	1089	10	10	0	0	45s	100	1	6522
r	494	1093	10	10	0	0	45s	100	1	6522
r	474	1093	10	10	0	0	45s	100	1	6522
r	465	1089	10	10	0	0	45s	100	1	6522
r	453	1086	10	10	0	0	45s	100	1	6522
r	434	1087	10	10	0	0	45s	100	1	6522
r	442	1091	10	10	0	0	45s	100	1	6522
r	460	1094	10	10	0	0	45s	100	1	6522
r	478	1096	10	10	0	0	45s	100	1	6522
r	479	1100	10	10	0	0	45s	100	1	6522
r	453	1109	10	10	0	0	45s	100	1	6522
r	450	1111	10	10	0	0	45s	100	1	6522
r	445	1120	10	10	0	0	45s	100	1	6522
r	433	1131	10	10	0	0	45s	100	1	6522
r	420	1143	10	10	0	0	45s	100	1	6522
r	457	1125	10	10	0	0	45s	100	1	6522
r	474	1110	10	10	0	0	45s	100	1	6522
r	495	1099	10	10	0	0	45s	100	1	6522
r	483	1040	10	10	0	0	45s	100	1	6522
r	465	996	10	10	0	0	45s	100	1	6522
r	477	972	10	10	0	0	45s	100	1	6522
r	467	946	10	10	0	0	45s	100	1	6522
r	442	941	10	10	0	0	45s	100	1	6522
r	431	933	10	10	0	0	45s	100	1	6522
r	473	909	10	10	0	0	45s	100	1	6522
r	494	895	10	10	0	0	45s	100	1	6522
r	569	878	10	10	0	0	45s	100	1	6522
r	592	877	10	10	0	0	45s	100	1	6522
r	638	880	10	10	0	0	45s	100	1	6522
r	676	885	10	10	0	0	45s	100	1	6522
r	646	881	10	10	0	0	45s	100	1	6522
r	620	877	10	10	0	0	45s	100	1	6522
r	601	868	10	10	0	0	45s	100	1	6522
r	536	869	10	10	0	0	45s	100	1	6522
r	516	879	10	10	0	0	45s	100	1	6522
r	509	895	10	10	0	0	45s	100	1	6522
r	497	931	10	10	0	0	45s	100	1	6522
r	496	937	10	10	0	0	45s	100	1	6522
r	505	957	10	10	0	0	45s	100	1	6522
r	508	963	10	10	0	0	45s	100	1	6522
r	539	942	10	10	0	0	45s	100	1	6522
r	540	911	10	10	0	0	45s	100	1	6522
r	545	882	10	10	0	0	45s	100	1	6522
r	552	935	10	10	0	0	45s	100	1	6522
r	575	966	10	10	0	0	45s	100	1	6522
r	614	941	10	10	0	0	45s	100	1	6522
r	624	912	10	10	0	0	45s	100	1	6522
r	644	894	10	10	0	0	45s	100	1	6522
r	630	939	10	10	0	0	45s	100	1	6522
r	603	960	10	10	0	0	45s	100	1	6522
r	602	929	10	10	0	0	45s	100	1	6522
r	607	898	10	10	0	0	45s	100	1	6522
r	575	949	10	10	0	0	45s	100	1	6522
r	565	954	10	10	0	0	45s	100	1	6522
r	549	912	10	10	0	0	45s	100	1	6522
r	538	909	10	10	0	0	45s	100	1	6522
r	504	935	10	10	0	0	45s	100	1	6522
r	481	936	10	10	0	0	45s	100	1	6522
r	451	932	10	10	0	0	45s	100	1	6522
r	439	933	10	10	0	0	45s	100	1	6522
r	316	1294	10	10	0	0	45s	100	1	6522
r	317	1273	10	10	0	0	45s	100	1	6522
r	299	1257	10	10	0	0	45s	100	1	6522
r	274	1263	10	10	0	0	45s	100	1	6522
r	291	1263	10	10	0	0	45s	100	1	6522
r	313	1262	10	10	0	0	45s	100	1	6522
r	280	1275	10	10	0	0	45s	100	1	6522
r	278	1275	10	10	0	0	45s	100	1	6522
r	301	1267	10	10	0	0	45s	100	1	6522
r	313	1266	10	10	0	0	45s	100	1	6522
r	693	1151	10	10	0	0	45s	100	1	6522
r	693	1129	10	10	0	0	45s	100	1	6522
r	694	1113	10	10	0	0	45s	100	1	6522
r	677	1111	10	10	0	0	45s	100	1	6522
r	668	1119	10	10	0	0	45s	100	1	6522
r	664	1136	10	10	0	0	45s	100	1	6522
r	667	1155	10	10	0	0	45s	100	1	6522
r	677	1162	10	10	0	0	45s	100	1	6522
r	693	1144	10	10	0	0	45s	100	1	6522
r	694	1141	10	10	0	0	45s	100	1	6522
r	682	1137	10	10	0	0	45s	100	1	6522
r	670	1134	10	10	0	0	45s	100	1	6522
r	662	1122	10	10	0	0	45s	100	1	6522
r	658	1109	10	10	0	0	45s	100	1	6522
r	659	1101	10	10	0	0	45s	100	1	6522
r	673	1097	10	10	0	0	45s	100	1	6522
r	689	1094	10	10	0	0	45s	100	1	6522
r	701	1107	10	10	0	0	45s	100	1	6522
r	700	1124	10	10	0	0	45s	100	1	6522
r	667	1144	10	10	0	0	45s	100	1	6522
r	630	1148	10	10	0	0	45s	100	1	6522
r	644	1156	10	10	0	0	45s	100	1	6522
r	643	1111	10	10	0	0	45s	100	1	6522
r	661	1115	10	10	0	0	45s	100	1	6522
r	909	1200	10	10	0	0	45s	100	1	6522
r	876	1223	10	10	0	0	45s	100	1	6522
r	871	1226	10	10	0	0	45s	100	1	6522
r	861	1197	10	10	0	0	45s	100	1	6522
r	884	1178	10	10	0	0	45s	100	1	6522
r	891	1161	10	10	0	0	45s	100	1	6522
r	854	1138	10	10	0	0	45s	100	1	6522
r	832	1133	10	10	0	0	45s	100	1	6522
r	815	1123	10	10	0	0	45s	100	1	6522
r	834	1094	10	10	0	0	45s	100	1	6522
r	838	1072	10	10	0	0	45s	100	1	6522
r	820	1027	10	10	0	0	45s	100	1	6522
r	817	1019	10	10	0	0	45s	100	1	6522
r	815	1006	10	10	0	0	45s	100	1	6522
r	845	1010	10	10	0	0	45s	100	1	6522
r	851	1027	10	10	0	0	45s	100	1	6522
r	852	1028	10	10	0	0	45s	100	1	6522
r	867	900	10	10	0	0	45s	100	1	6522
r	815	869	10	10	0	0	45s	100	1	6522
r	801	854	10	10	0	0	45s	100	1	6522
r	789	852	10	10	0	0	45s	100	1	6522
r	780	855	10	10	0	0	45s	100	1	6522
r	779	859	10	10	0	0	45s	100	1	6522
r	791	875	10	10	0	0	45s	100	1	6522
r	796	879	10	10	0	0	45s	100	1	6522
r	808	864	10	10	0	0	45s	100	1	6522
r	814	859	10	10	0	0	45s	100	1	6522
r	815	857	10	10	0	0	45s	100	1	6522
r	805	847	10	10	0	0	45s	100	1	6522
r	795	844	10	10	0	0	45s	100	1	6522
r	755	849	10	10	0	0	45s	100	1	6522
r	731	849	10	10	0	0	45s	100	1	6522
r	709	843	10	10	0	0	45s	100	1	6522
r	686	832	10	10	0	0	45s	100	1	6522
r	658	824	10	10	0	0	45s	100	1	6522
r	642	824	10	10	0	0	45s	100	1	6522
r	632	827	10	10	0	0	45s	100	1	6522
r	658	846	10	10	0	0	45s	100	1	6522
r	678	848	10	10	0	0	45s	100	1	6522
r	707	856	10	10	0	0	45s	100	1	6522
r	732	867	10	10	0	0	45s	100	1	6522
r	742	872	10	10	0	0	45s	100	1	6522
r	728	876	10	10	0	0	45s	100	1	6522
r	714	876	10	10	0	0	45s	100	1	6522
r	601	829	10	10	0	0	45s	100	1	6522
r	584	831	10	10	0	0	45s	100	1	6522
r	543	839	10	10	0	0	45s	100	1	6522
r	505	849	10	10	0	0	45s	100	1	6522
r	484	856	10	10	0	0	45s	100	1	6522
r	468	861	10	10	0	0	45s	100	1	6522
r	429	868	10	10	0	0	45s	100	1	6522
r	839	895	10	10	0	0	45s	100	1	6522
r	838	913	10	10	0	0	45s	100	1	6522
r	849	909	10	10	0	0	45s	100	1	6522
r	853	899	10	10	0	0	45s	100	1	6522
r	856	883	10	10	0	0	45s	100	1	6522
r	953	1114	10	10	0	0	45s	100	1	6522
r	933	1100	10	10	0	0	45s	100	1	6522
r	895	1076	10	10	0	0	45s	100	1	6522
r	880	1065	10	10	0	0	45s	100	1	6522
r	866	1060	10	10	0	0	45s	100	1	6522
r	846	1055	10	10	0	0	45s	100	1	6522
r	901	1053	10	10	0	0	45s	100	1	6522
r	922	1055	10	10	0	0	45s	100	1	6522
r	1080	1147	10	10	0	0	45s	100	1	6522
r	1091	1156	10	10	0	0	45s	100	1	6522
r	1090	1169	10	10	0	0	45s	100	1	6522
r	1078	1183	10	10	0	0	45s	100	1	6522
r	1064	1194	10	10	0	0	45s	100	1	6522
r	1055	1213	10	10	0	0	45s	100	1	6522
r	1053	1221	10	10	0	0	45s	100	1	6522
r	1033	1224	10	10	0	0	45s	100	1	6522
r	1019	1222	10	10	0	0	45s	100	1	6522
r	1013	1210	10	10	0	0	45s	100	1	6522
r	1022	1195	10	10	0	0	45s	100	1	6522
r	1043	1176	10	10	0	0	45s	100	1	6522
r	1056	1150	10	10	0	0	45s	100	1	6522
r	1051	1186	10	10	0	0	45s	100	1	6522
r	1044	1201	10	10	0	0	45s	100	1	6522
r	1036	1207	10	10	0	0	45s	100	1	6522
r	1035	1209	10	10	0	0	45s	100	1	6522
r	1092	1211	10	10	0	0	45s	100	1	6522
r	1092	1196	10	10	0	0	45s	100	1	6522
r	1080	1147	10	10	0	0	45s	100	1	6522
r	1072	1116	10	10	0	0	45s	100	1	6522
r	1061	1113	10	10	0	0	45s	100	1	6522
r	1068	1159	10	10	0	0	45s	100	1	6522
r	1076	1163	10	10	0	0	45s	100	1	6522
r	1091	1107	10	10	0	0	45s	100	1	6522
r	1017	1108	10	10	0	0	45s	100	1	6522
r	1005	1144	10	10	0	0	45s	100	1	6522
r	980	1163	10	10	0	0	45s	100	1	6522
r	956	1161	10	10	0	0	45s	100	1	6522
r	917	1146	10	10	0	0	45s	100	1	6522
r	913	1131	10	10	0	0	45s	100	1	6522
r	1087	1023	10	10	0	0	45s	100	1	6522
r	1095	1021	10	10	0	0	45s	100	1	6522
r	1135	1020	10	10	0	0	45s	100	1	6522
r	1162	1021	10	10	0	0	45s	100	1	6522
r	1175	1023	10	10	0	0	45s	100	1	6522
r	99	1135	10	10	0	0	45s	100	1	6522
r	92	1131	10	10	0	0	45s	100	1	6522
r	155	1130	10	10	0	0	45s	100	1	6522
r	167	1146	10	10	0	0	45s	100	1	6522
r	148	1100	10	10	0	0	45s	100	1	6522
r	115	1072	10	10	0	0	45s	100	1	6522
r	115	1071	10	10	0	0	45s	100	1	6522
r	131	1073	10	10	0	0	45s	100	1	6522
r	139	1085	10	10	0	0	45s	100	1	6522
r	939	1316	10	10	0	0	45s	100	1	6522
r	945	1295	10	10	0	0	45s	100	1	6522
r	951	1342	10	10	0	0	45s	100	1	6522
r	916	1342	10	10	0	0	45s	100	1	6522
r	892	1344	10	10	0	0	45s	100	1	6522
r	880	1349	10	10	0	0	45s	100	1	6522
r	829	1347	10	10	0	0	45s	100	1	6522
r	745	1347	10	10	0	0	45s	100	1	6522
r	717	1346	10	10	0	0	45s	100	1	6522
r	692	1337	10	10	0	0	45s	100	1	6522
r	652	1324	10	10	0	0	45s	100	1	6522
r	585	1322	10	10	0	0	45s	100	1	6522
r	563	1330	10	10	0	0	45s	100	1	6522
r	984	1373	10	10	0	0	45s	100	1	6523
r	1010	1384	10	10	0	0	45s	100	1	6523
r	1086	1373	10	10	0	0	45s	100	1	6523
r	1173	1352	10	10	0	0	45s	100	1	6523
r	1221	1344	10	10	0	0	45s	100	1	6523
r	1265	1347	10	10	0	0	45s	100	1	6523
r	1205	1339	10	10	0	0	45s	100	1	6523
r	1166	1335	10	10	0	0	45s	100	1	6523
r	1145	1347	10	10	0	0	45s	100	1	6523
r	1120	1371	10	10	0	0	45s	100	1	6523
r	1103	1390	10	10	0	0	45s	100	1	6523
r	1086	1397	10	10	0	0	45s	100	1	6523
r	1057	1392	10	10	0	0	45s	100	1	6523
r	1041	1387	10	10	0	0	45s	100	1	6523
r	1051	1360	10	10	0	0	45s	100	1	6523
r	1068	1343	10	10	0	0	45s	100	1	6523
r	1091	1332	10	10	0	0	45s	100	1	6523
r	1124	1317	10	10	0	0	45s	100	1	6523
r	1121	1284	10	10	0	0	45s	100	1	6523
r	1117	1255	10	10	0	0	45s	100	1	6523
r	1104	1245	10	10	0	0	45s	100	1	6523
r	1084	1282	10	10	0	0	45s	100	1	6523
r	1084	1299	10	10	0	0	45s	100	1	6523
r	1060	1333	10	10	0	0	45s	100	1	6523
r	1170	1297	10	10	0	0	45s	100	1	6523
r	1188	1302	10	10	0	0	45s	100	1	6523
r	1241	1315	10	10	0	0	45s	100	1	6523
r	1267	1314	10	10	0	0	45s	100	1	6523
r	1299	1307	10	10	0	0	45s	100	1	6523
r	1312	1292	10	10	0	0	45s	100	1	6523
r	1302	1242	10	10	0	0	45s	100	1	6523
r	1293	1217	10	10	0	0	45s	100	1	6523
r	1279	1231	10	10	0	0	45s	100	1	6523
r	1261	1254	10	10	0	0	45s	100	1	6523
r	1246	1226	10	10	0	0	45s	100	1	6523
r	1215	1220	10	10	0	0	45s	100	1	6523
r	1177	1248	10	10	0	0	45s	100	1	6523
r	1158	1252	10	10	0	0	45s	100	1	6523
r	1140	1223	10	10	0	0	45s	100	1	6523
r	1119	1210	10	10	0	0	45s	100	1	6523
r	1156	1208	10	10	0	0	45s	100	1	6523
r	1187	1212	10	10	0	0	45s	100	1	6523
r	1221	1205	10	10	0	0	45s	100	1	6523
r	1232	1182	10	10	0	0	45s	100	1	6523
r	1265	1175	10	10	0	0	45s	100	1	6523
r	1286	1173	10	10	0	0	45s	100	1	6523
r	1291	1185	10	10	0	0	45s	100	1	6523
r	1268	1197	10	10	0	0	45s	100	1	6523
r	1248	1185	10	10	0	0	45s	100	1	6523
r	1201	1169	10	10	0	0	45s	100	1	6523
r	1192	1189	10	10	0	0	45s	100	1	6523
r	1296	1173	10	10	0	0	45s	100	1	6523
r	1321	1177	10	10	0	0	45s	100	1	6523
r	1354	1169	10	10	0	0	45s	100	1	6523
r	1389	1190	10	10	0	0	45s	100	1	6523
r	1393	1198	10	10	0	0	45s	100	1	6523
r	1356	1219	10	10	0	0	45s	100	1	6523
r	1347	1210	10	10	0	0	45s	100	1	6523
r	1340	1194	10	10	0	0	45s	100	1	6523
r	1328	1211	10	10	0	0	45s	100	1	6523
r	1329	1228	10	10	0	0	45s	100	1	6523
r	1354	1231	10	10	0	0	45s	100	1	6523
r	1377	1223	10	10	0	0	45s	100	1	6523
r	1390	1234	10	10	0	0	45s	100	1	6523
r	1348	1251	10	10	0	0	45s	100	1	6523
r	1376	1268	10	10	0	0	45s	100	1	6523
r	1392	1269	10	10	0	0	45s	100	1	6523
r	1379	1287	10	10	0	0	45s	100	1	6523
r	1372	1295	10	10	0	0	45s	100	1	6523
r	1374	1318	10	10	0	0	45s	100	1	6523
r	1366	1331	10	10	0	0	45s	100	1	6523
r	1353	1342	10	10	0	0	45s	100	1	6523
r	1333	1345	10	10	0	0	45s	100	1	6523
r	1304	1335	10	10	0	0	45s	100	1	6523
r	1288	1310	10	10	0	0	45s	100	1	6523
r	1316	1276	10	10	0	0	45s	100	1	6523
r	1338	1278	10	10	0	0	45s	100	1	6523
r	1349	1283	10	10	0	0	45s	100	1	6523
r	1387	1162	10	10	0	0	45s	100	1	6523
r	1349	1149	10	10	0	0	45s	100	1	6523
r	1336	1148	10	10	0	0	45s	100	1	6523
r	1345	1120	10	10	0	0	45s	100	1	6523
r	1352	1114	10	10	0	0	45s	100	1	6523
r	1360	1098	10	10	0	0	45s	100	1	6523
r	1358	1075	10	10	0	0	45s	100	1	6523
r	1346	1078	10	10	0	0	45s	100	1	6523
r	1368	1111	10	10	0	0	45s	100	1	6523
r	1359	1128	10	10	0	0	45s	100	1	6523
r	1301	1115	10	10	0	0	45s	100	1	6523
r	1301	1082	10	10	0	0	45s	100	1	6523
r	1276	1061	10	10	0	0	45s	100	1	6523
r	1261	1069	10	10	0	0	45s	100	1	6523
r	1245	1093	10	10	0	0	45s	100	1	6523
r	1239	1094	10	10	0	0	45s	100	1	6523
r	1243	1116	10	10	0	0	45s	100	1	6523
r	1256	1128	10	10	0	0	45s	100	1	6523
r	1277	1115	10	10	0	0	45s	100	1	6523
r	1289	1097	10	10	0	0	45s	100	1	6523
r	1303	1114	10	10	0	0	45s	100	1	6523
r	1288	1133	10	10	0	0	45s	100	1	6523
r	1283	1138	10	10	0	0	45s	100	1	6523
r	1258	1045	10	10	0	0	45s	100	1	6523
r	1234	1029	10	10	0	0	45s	100	1	6523
r	1219	1023	10	10	0	0	45s	100	1	6523
r	1219	987	10	10	0	0	45s	100	1	6523
r	1236	998	10	10	0	0	45s	100	1	6523
r	1256	1010	10	10	0	0	45s	100	1	6523
r	1278	1024	10	10	0	0	45s	100	1	6523
r	1300	1039	10	10	0	0	45s	100	1	6523
r	1314	1046	10	10	0	0	45s	100	1	6523
r	1302	1015	10	10	0	0	45s	100	1	6523
r	1289	1000	10	10	0	0	45s	100	1	6523
r	1282	996	10	10	0	0	45s	100	1	6523
r	1296	977	10	10	0	0	45s	100	1	6523
r	1302	971	10	10	0	0	45s	100	1	6523
r	1306	945	10	10	0	0	45s	100	1	6523
r	1298	931	10	10	0	0	45s	100	1	6523
r	1283	958	10	10	0	0	45s	100	1	6523
r	1261	939	10	10	0	0	45s	100	1	6523
r	1248	948	10	10	0	0	45s	100	1	6523
r	1236	957	10	10	0	0	45s	100	1	6523
r	1219	940	10	10	0	0	45s	100	1	6523
r	1219	930	10	10	0	0	45s	100	1	6523
r	1229	924	10	10	0	0	45s	100	1	6523
r	1243	918	10	10	0	0	45s	100	1	6523
r	1319	937	10	10	0	0	45s	100	1	6523
r	1316	964	10	10	0	0	45s	100	1	6523
r	1337	944	10	10	0	0	45s	100	1	6523
r	1362	954	10	10	0	0	45s	100	1	6523
r	1355	970	10	10	0	0	45s	100	1	6523
r	1333	978	10	10	0	0	45s	100	1	6523
r	1361	994	10	10	0	0	45s	100	1	6523
r	1373	1005	10	10	0	0	45s	100	1	6523
r	1357	1021	10	10	0	0	45s	100	1	6523
r	1350	1026	10	10	0	0	45s	100	1	6523
r	1340	1049	10	10	0	0	45s	100	1	6523
r	1347	1051	10	10	0	0	45s	100	1	6523
r	1353	1031	10	10	0	0	45s	100	1	6523
r	359	567	10	10	0	0	45s	100	1	6524
r	378	572	10	10	0	0	45s	100	1	6524
r	396	571	10	10	0	0	45s	100	1	6524
r	403	550	10	10	0	0	45s	100	1	6524
r	391	538	10	10	0	0	45s	100	1	6524
r	379	547	10	10	0	0	45s	100	1	6524
r	408	524	10	10	0	0	45s	100	1	6524
r	390	509	10	10	0	0	45s	100	1	6524
r	401	478	10	10	0	0	45s	100	1	6524
r	416	496	10	10	0	0	45s	100	1	6524
r	437	500	10	10	0	0	45s	100	1	6524
r	409	466	10	10	0	0	45s	100	1	6524
r	406	449	10	10	0	0	45s	100	1	6524
r	404	432	10	10	0	0	45s	100	1	6524
r	394	444	10	10	0	0	45s	100	1	6524
r	670	207	10	10	0	0	45s	100	1	6524
r	638	199	10	10	0	0	45s	100	1	6524
r	614	187	10	10	0	0	45s	100	1	6524
r	601	185	10	10	0	0	45s	100	1	6524
r	571	184	10	10	0	0	45s	100	1	6524
r	586	199	10	10	0	0	45s	100	1	6524
r	600	203	10	10	0	0	45s	100	1	6524
r	620	206	10	10	0	0	45s	100	1	6524
r	624	219	10	10	0	0	45s	100	1	6524
r	620	230	10	10	0	0	45s	100	1	6524
r	618	244	10	10	0	0	45s	100	1	6524
r	619	267	10	10	0	0	45s	100	1	6524
r	621	309	10	10	0	0	45s	100	1	6524
r	617	326	10	10	0	0	45s	100	1	6524
r	603	342	10	10	0	0	45s	100	1	6524
r	601	363	10	10	0	0	45s	100	1	6524
r	598	379	10	10	0	0	45s	100	1	6524
r	600	412	10	10	0	0	45s	100	1	6524
r	590	427	10	10	0	0	45s	100	1	6524
r	573	453	10	10	0	0	45s	100	1	6524
r	569	467	10	10	0	0	45s	100	1	6524
r	557	486	10	10	0	0	45s	100	1	6524
r	544	494	10	10	0	0	45s	100	1	6524
r	531	498	10	10	0	0	45s	100	1	6524
r	502	502	10	10	0	0	45s	100	1	6524
r	491	502	10	10	0	0	45s	100	1	6524
r	521	490	10	10	0	0	45s	100	1	6524
r	532	476	10	10	0	0	45s	100	1	6524
r	549	459	10	10	0	0	45s	100	1	6524
r	564	439	10	10	0	0	45s	100	1	6524
r	580	417	10	10	0	0	45s	100	1	6524
r	581	397	10	10	0	0	45s	100	1	6524
r	573	372	10	10	0	0	45s	100	1	6524
r	580	358	10	10	0	0	45s	100	1	6524
r	587	349	10	10	0	0	45s	100	1	6524
r	558	184	10	10	0	0	45s	100	1	6524
r	529	195	10	10	0	0	45s	100	1	6524
r	508	205	10	10	0	0	45s	100	1	6524
r	472	211	10	10	0	0	45s	100	1	6524
r	446	202	10	10	0	0	45s	100	1	6524
r	435	188	10	10	0	0	45s	100	1	6524
r	442	165	10	10	0	0	45s	100	1	6524
r	448	140	10	10	0	0	45s	100	1	6524
r	454	220	10	10	0	0	45s	100	1	6524
r	469	241	10	10	0	0	45s	100	1	6524
r	466	260	10	10	0	0	45s	100	1	6524
r	456	291	10	10	0	0	45s	100	1	6524
r	451	309	10	10	0	0	45s	100	1	6524
r	465	334	10	10	0	0	45s	100	1	6524
r	466	353	10	10	0	0	45s	100	1	6524
r	468	356	10	10	0	0	45s	100	1	6524
r	492	349	10	10	0	0	45s	100	1	6524
r	516	362	10	10	0	0	45s	100	1	6524
r	551	369	10	10	0	0	45s	100	1	6524
r	565	372	10	10	0	0	45s	100	1	6524
r	373	435	10	10	0	0	45s	100	1	6524
r	343	434	10	10	0	0	45s	100	1	6524
r	316	429	10	10	0	0	45s	100	1	6524
r	279	433	10	10	0	0	45s	100	1	6524
r	257	436	10	10	0	0	45s	100	1	6524
r	329	400	10	10	0	0	45s	100	1	6524
r	334	383	10	10	0	0	45s	100	1	6524
r	336	350	10	10	0	0	45s	100	1	6524
r	184	544	10	10	0	0	45s	100	1	6525
r	190	520	10	10	0	0	45s	100	1	6525
r	179	514	10	10	0	0	45s	100	1	6525
r	183	490	10	10	0	0	45s	100	1	6525
r	208	469	10	10	0	0	45s	100	1	6525
r	243	460	10	10	0	0	45s	100	1	6525
r	261	453	10	10	0	0	45s	100	1	6525
r	300	434	10	10	0	0	45s	100	1	6525
r	319	430	10	10	0	0	45s	100	1	6525
r	344	407	10	10	0	0	45s	100	1	6525
r	340	365	10	10	0	0	45s	100	1	6525
r	332	336	10	10	0	0	45s	100	1	6525
r	328	329	10	10	0	0	45s	100	1	6525
r	295	332	10	10	0	0	45s	100	1	6525
r	277	345	10	10	0	0	45s	100	1	6525
r	267	361	10	10	0	0	45s	100	1	6525
r	259	383	10	10	0	0	45s	100	1	6525
r	255	417	10	10	0	0	45s	100	1	6525
r	257	427	10	10	0	0	45s	100	1	6525
r	217	456	10	10	0	0	45s	100	1	6525
r	195	460	10	10	0	0	45s	100	1	6525
r	176	464	10	10	0	0	45s	100	1	6525
r	150	457	10	10	0	0	45s	100	1	6525
r	139	448	10	10	0	0	45s	100	1	6525
r	135	435	10	10	0	0	45s	100	1	6525
r	154	430	10	10	0	0	45s	100	1	6525
r	164	447	10	10	0	0	45s	100	1	6525
r	138	373	10	10	0	0	45s	100	1	6525
r	122	358	10	10	0	0	45s	100	1	6525
r	112	345	10	10	0	0	45s	100	1	6525
r	110	338	10	10	0	0	45s	100	1	6525
r	140	342	10	10	0	0	45s	100	1	6525
r	155	341	10	10	0	0	45s	100	1	6525
r	207	338	10	10	0	0	45s	100	1	6525
r	220	335	10	10	0	0	45s	100	1	6525
r	250	322	10	10	0	0	45s	100	1	6525
r	294	311	10	10	0	0	45s	100	1	6525
r	320	310	10	10	0	0	45s	100	1	6525
r	331	311	10	10	0	0	45s	100	1	6525
r	307	332	10	10	0	0	45s	100	1	6525
r	283	336	10	10	0	0	45s	100	1	6525
r	257	328	10	10	0	0	45s	100	1	6525
r	281	308	10	10	0	0	45s	100	1	6525
r	301	285	10	10	0	0	45s	100	1	6525
r	312	266	10	10	0	0	45s	100	1	6525
r	318	244	10	10	0	0	45s	100	1	6525
r	306	221	10	10	0	0	45s	100	1	6525
r	307	217	10	10	0	0	45s	100	1	6525
r	344	235	10	10	0	0	45s	100	1	6525
r	362	253	10	10	0	0	45s	100	1	6525
r	380	257	10	10	0	0	45s	100	1	6525
r	401	262	10	10	0	0	45s	100	1	6525
r	424	267	10	10	0	0	45s	100	1	6525
r	446	275	10	10	0	0	45s	100	1	6525
r	463	297	10	10	0	0	45s	100	1	6525
r	465	302	10	10	0	0	45s	100	1	6525
r	450	267	10	10	0	0	45s	100	1	6525
r	427	244	10	10	0	0	45s	100	1	6525
r	429	217	10	10	0	0	45s	100	1	6525
r	430	208	10	10	0	0	45s	100	1	6525
r	453	217	10	10	0	0	45s	100	1	6525
r	457	224	10	10	0	0	45s	100	1	6525
r	432	243	10	10	0	0	45s	100	1	6525
r	407	259	10	10	0	0	45s	100	1	6525
r	412	276	10	10	0	0	45s	100	1	6525
r	432	279	10	10	0	0	45s	100	1	6525
r	470	217	10	10	0	0	45s	100	1	6525
r	497	214	10	10	0	0	45s	100	1	6525
r	522	202	10	10	0	0	45s	100	1	6525
r	540	197	10	10	0	0	45s	100	1	6525
r	439	179	10	10	0	0	45s	100	1	6525
r	453	141	10	10	0	0	45s	100	1	6525
r	423	132	10	10	0	0	45s	100	1	6525
r	408	127	10	10	0	0	45s	100	1	6525
r	127	318	10	10	0	0	45s	100	1	6525
r	102	331	10	10	0	0	45s	100	1	6525
r	86	351	10	10	0	0	45s	100	1	6525
r	136	330	10	10	0	0	45s	100	1	6525
r	150	306	10	10	0	0	45s	100	1	6525
r	374	124	10	10	0	0	45s	100	1	6526
r	358	129	10	10	0	0	45s	100	1	6526
r	324	138	10	10	0	0	45s	100	1	6526
r	313	147	10	10	0	0	45s	100	1	6526
r	378	120	10	10	0	0	45s	100	1	6526
r	423	118	10	10	0	0	45s	100	1	6526
r	452	126	10	10	0	0	45s	100	1	6526
r	445	169	10	10	0	0	45s	100	1	6526
r	448	201	10	10	0	0	45s	100	1	6526
r	309	216	10	10	0	0	45s	100	1	6526
r	328	228	10	10	0	0	45s	100	1	6526
r	358	248	10	10	0	0	45s	100	1	6526
r	385	264	10	10	0	0	45s	100	1	6526
r	394	268	10	10	0	0	45s	100	1	6526
r	295	283	10	10	0	0	45s	100	1	6526
r	276	307	10	10	0	0	45s	100	1	6526
r	239	328	10	10	0	0	45s	100	1	6526
r	218	329	10	10	0	0	45s	100	1	6526
r	124	317	10	10	0	0	45s	100	1	6526
r	106	310	10	10	0	0	45s	100	1	6526
r	293	200	10	10	0	0	45s	100	1	6526
r	282	185	10	10	0	0	45s	100	1	6526
r	288	168	10	10	0	0	45s	100	1	6526
r	312	129	10	10	0	0	45s	100	1	6526
r	274	185	10	10	0	0	45s	100	1	6526
r	257	191	10	10	0	0	45s	100	1	6526
r	232	191	10	10	0	0	45s	100	1	6526
r	208	189	10	10	0	0	45s	100	1	6526
r	198	178	10	10	0	0	45s	100	1	6526
r	188	170	10	10	0	0	45s	100	1	6526
r	178	148	10	10	0	0	45s	100	1	6526
r	170	138	10	10	0	0	45s	100	1	6526
r	163	131	10	10	0	0	45s	100	1	6526
r	144	127	10	10	0	0	45s	100	1	6526
r	134	130	10	10	0	0	45s	100	1	6526
r	118	146	10	10	0	0	45s	100	1	6526
r	98	193	10	10	0	0	45s	100	1	6526
r	99	209	10	10	0	0	45s	100	1	6526
r	94	221	10	10	0	0	45s	100	1	6526
r	120	221	10	10	0	0	45s	100	1	6526
r	142	224	10	10	0	0	45s	100	1	6526
r	166	241	10	10	0	0	45s	100	1	6526
r	168	254	10	10	0	0	45s	100	1	6526
r	181	236	10	10	0	0	45s	100	1	6526
r	205	209	10	10	0	0	45s	100	1	6526
r	230	195	10	10	0	0	45s	100	1	6526
r	182	215	10	10	0	0	45s	100	1	6526
r	172	218	10	10	0	0	45s	100	1	6526
r	150	221	10	10	0	0	45s	100	1	6526
r	118	203	10	10	0	0	45s	100	1	6526
r	112	173	10	10	0	0	45s	100	1	6526
r	118	156	10	10	0	0	45s	100	1	6526
r	133	140	10	10	0	0	45s	100	1	6526
r	141	135	10	10	0	0	45s	100	1	6526
r	275	193	10	10	0	0	45s	100	1	6526
r	248	185	10	10	0	0	45s	100	1	6526
r	155	334	10	10	0	0	45s	100	1	6526
r	167	336	10	10	0	0	45s	100	1	6526
r	191	338	10	10	0	0	45s	100	1	6526
r	238	333	10	10	0	0	45s	100	1	6526
r	263	330	10	10	0	0	45s	100	1	6526
r	288	327	10	10	0	0	45s	100	1	6526
r	276	322	10	10	0	0	45s	100	1	6526
r	296	293	10	10	0	0	45s	100	1	6526
r	308	304	10	10	0	0	45s	100	1	6526
r	256	339	10	10	0	0	45s	100	1	6526
r	260	365	10	10	0	0	45s	100	1	6526
r	255	386	10	10	0	0	45s	100	1	6526
r	301	339	10	10	0	0	45s	100	1	6526
r	320	336	10	10	0	0	45s	100	1	6526
r	332	344	10	10	0	0	45s	100	1	6526
r	344	365	10	10	0	0	45s	100	1	6526
r	316	321	10	10	0	0	45s	100	1	6526
r	395	269	10	10	0	0	45s	100	1	6526
r	436	275	10	10	0	0	45s	100	1	6526
r	454	303	10	10	0	0	45s	100	1	6526
r	476	322	10	10	0	0	45s	100	1	6526
r	431	254	10	10	0	0	45s	100	1	6526
r	461	240	10	10	0	0	45s	100	1	6526
r	485	221	10	10	0	0	45s	100	1	6526
r	510	209	10	10	0	0	45s	100	1	6526
r	524	204	10	10	0	0	45s	100	1	6526
r	440	185	10	10	0	0	45s	100	1	6526
r	423	230	10	10	0	0	45s	100	1	6526
r	447	241	10	10	0	0	45s	100	1	6526
r	435	141	10	10	0	0	45s	100	1	6526
r	422	142	10	10	0	0	45s	100	1	6526
r	425	149	10	10	0	0	45s	100	1	6526
r	363	130	10	10	0	0	45s	100	1	6526
r	342	125	10	10	0	0	45s	100	1	6526
r	341	125	10	10	0	0	45s	100	1	6526
r	331	125	10	10	0	0	45s	100	1	6526
r	321	129	10	10	0	0	45s	100	1	6526
r	253	182	10	10	0	0	45s	100	1	6526
r	145	350	10	10	0	0	45s	100	1	6526
r	163	348	10	10	0	0	45s	100	1	6526
r	136	370	10	10	0	0	45s	100	1	6526
r	114	366	10	10	0	0	45s	100	1	6526
r	89	340	10	10	0	0	45s	100	1	6526
r	97	317	10	10	0	0	45s	100	1	6526
r	137	309	10	10	0	0	45s	100	1	6526
r	171	237	10	10	0	0	45s	100	1	6526
r	182	226	10	10	0	0	45s	100	1	6526
