//type	cx	cy	sx	sy	z	dir	time	percent	count	vnum
//----------------------------------------------------------
r	132	105	5	5	0	0	45s	100	1	6586
r	133	118	5	5	0	0	45s	100	1	6587
r	117	121	5	5	0	0	45s	100	1	6588
r	112	130	5	5	0	0	45s	100	1	6586
r	111	137	5	5	0	0	45s	100	1	6587
r	118	150	5	5	0	0	45s	100	1	6588
r	107	160	5	5	0	0	45s	100	1	6586
r	96	171	5	5	0	0	45s	100	1	6587
r	115	194	5	5	0	0	45s	100	1	6588
r	107	174	5	5	0	0	45s	100	1	6586
r	86	183	5	5	0	0	45s	100	1	6587
r	71	191	5	5	0	0	45s	100	1	6588
r	100	190	5	5	0	0	45s	100	1	6586
r	122	178	5	5	0	0	45s	100	1	6587
r	125	193	5	5	0	0	45s	100	1	6588
r	128	204	5	5	0	0	45s	100	1	6586
r	144	212	5	5	0	0	45s	100	1	6587
r	155	221	5	5	0	0	45s	100	1	6588
r	174	223	5	5	0	0	45s	100	1	6586
r	189	226	5	5	0	0	45s	100	1	6587
r	205	232	5	5	0	0	45s	100	1	6588
r	225	235	5	5	0	0	45s	100	1	6586
r	243	223	5	5	0	0	45s	100	1	6587
r	230	211	5	5	0	0	45s	100	1	6588
r	228	205	5	5	0	0	45s	100	1	6586
r	238	199	5	5	0	0	45s	100	1	6587
r	237	185	5	5	0	0	45s	100	1	6588
r	232	165	5	5	0	0	45s	100	1	6586
r	247	164	5	5	0	0	45s	100	1	6587
r	232	144	5	5	0	0	45s	100	1	6588
r	229	140	5	5	0	0	45s	100	1	6586
r	238	129	5	5	0	0	45s	100	1	6587
r	235	109	5	5	0	0	45s	100	1	6588
r	224	132	5	5	0	0	45s	100	1	6586
r	232	129	5	5	0	0	45s	100	1	6587
r	233	103	5	5	0	0	45s	100	1	6588
r	231	81	5	5	0	0	45s	100	1	6586
r	225	83	5	5	0	0	45s	100	1	6587
r	220	102	5	5	0	0	45s	100	1	6588
r	218	105	5	5	0	0	45s	100	1	6586
r	210	85	5	5	0	0	45s	100	1	6587
r	194	89	5	5	0	0	45s	100	1	6588
r	192	103	5	5	0	0	45s	100	1	6586
r	173	106	5	5	0	0	45s	100	1	6587
r	160	98	5	5	0	0	45s	100	1	6588
r	150	110	5	5	0	0	45s	100	1	6586
r	177	111	5	5	0	0	45s	100	1	6587
r	157	118	5	5	0	0	45s	100	1	6588
r	135	125	5	5	0	0	45s	100	1	6586
r	119	134	5	5	0	0	45s	100	1	6587
r	244	250	5	5	0	0	45s	100	1	6588
r	246	255	5	5	0	0	45s	100	1	6586
r	260	262	5	5	0	0	45s	100	1	6587
r	277	282	5	5	0	0	45s	100	1	6588
r	264	298	5	5	0	0	45s	100	1	6586
r	249	304	5	5	0	0	45s	100	1	6587
r	247	320	5	5	0	0	45s	100	1	6588
r	238	336	5	5	0	0	45s	100	1	6586
r	233	348	5	5	0	0	45s	100	1	6587
r	211	347	5	5	0	0	45s	100	1	6588
r	208	337	5	5	0	0	45s	100	1	6586
r	194	334	5	5	0	0	45s	100	1	6587
r	185	342	5	5	0	0	45s	100	1	6588
r	167	349	5	5	0	0	45s	100	1	6586
r	194	362	5	5	0	0	45s	100	1	6587
r	208	362	5	5	0	0	45s	100	1	6588
r	203	380	5	5	0	0	45s	100	1	6586
r	187	404	5	5	0	0	45s	100	1	6587
r	169	412	5	5	0	0	45s	100	1	6588
r	186	385	5	5	0	0	45s	100	1	6586
r	174	390	5	5	0	0	45s	100	1	6587
r	161	400	5	5	0	0	45s	100	1	6588
r	169	407	5	5	0	0	45s	100	1	6586
r	141	369	5	5	0	0	45s	100	1	6587
r	129	386	5	5	0	0	45s	100	1	6588
r	119	398	5	5	0	0	45s	100	1	6586
r	116	408	5	5	0	0	45s	100	1	6587
r	215	382	5	5	0	0	45s	100	1	6588
r	199	399	5	5	0	0	45s	100	1	6586
r	190	420	5	5	0	0	45s	100	1	6587
r	170	435	5	5	0	0	45s	100	1	6588
r	159	444	5	5	0	0	45s	100	1	6586
r	138	458	5	5	0	0	45s	100	1	6587
r	135	462	5	5	0	0	45s	100	1	6588
r	106	470	5	5	0	0	45s	100	1	6586
r	95	470	5	5	0	0	45s	100	1	6587
r	103	455	5	5	0	0	45s	100	1	6588
r	110	461	5	5	0	0	45s	100	1	6586
r	130	441	5	5	0	0	45s	100	1	6587
r	136	433	5	5	0	0	45s	100	1	6588
r	146	427	5	5	0	0	45s	100	1	6586
r	152	421	5	5	0	0	45s	100	1	6587
r	159	405	5	5	0	0	45s	100	1	6588
r	171	390	5	5	0	0	45s	100	1	6586
r	178	445	5	5	0	0	45s	100	1	6587
r	150	467	5	5	0	0	45s	100	1	6588
r	129	494	5	5	0	0	45s	100	1	6586
r	130	525	5	5	0	0	45s	100	1	6587
r	143	546	5	5	0	0	45s	100	1	6588
r	160	550	5	5	0	0	45s	100	1	6586
r	177	556	5	5	0	0	45s	100	1	6587
r	208	575	5	5	0	0	45s	100	1	6588
r	214	582	5	5	0	0	45s	100	1	6586
r	221	590	5	5	0	0	45s	100	1	6587
r	194	577	5	5	0	0	45s	100	1	6588
r	175	561	5	5	0	0	45s	100	1	6586
r	130	539	5	5	0	0	45s	100	1	6587
r	241	490	5	5	0	0	45s	100	1	6588
r	250	492	5	5	0	0	45s	100	1	6586
r	256	492	5	5	0	0	45s	100	1	6587
r	258	493	5	5	0	0	45s	100	1	6588
r	259	506	5	5	0	0	45s	100	1	6586
r	260	510	5	5	0	0	45s	100	1	6587
r	274	524	5	5	0	0	45s	100	1	6588
r	276	537	5	5	0	0	45s	100	1	6586
r	282	553	5	5	0	0	45s	100	1	6587
r	287	561	5	5	0	0	45s	100	1	6588
r	292	569	5	5	0	0	45s	100	1	6586
r	297	576	5	5	0	0	45s	100	1	6587
r	318	586	5	5	0	0	45s	100	1	6588
r	322	583	5	5	0	0	45s	100	1	6586
r	326	577	5	5	0	0	45s	100	1	6587
r	323	565	5	5	0	0	45s	100	1	6588
r	317	558	5	5	0	0	45s	100	1	6586
r	304	555	5	5	0	0	45s	100	1	6587
r	298	560	5	5	0	0	45s	100	1	6588
r	291	535	5	5	0	0	45s	100	1	6586
r	290	532	5	5	0	0	45s	100	1	6587
r	306	537	5	5	0	0	45s	100	1	6588
r	310	518	5	5	0	0	45s	100	1	6586
r	310	499	5	5	0	0	45s	100	1	6587
r	312	495	5	5	0	0	45s	100	1	6588
r	296	512	5	5	0	0	45s	100	1	6586
r	288	513	5	5	0	0	45s	100	1	6587
r	273	502	5	5	0	0	45s	100	1	6588
r	290	497	5	5	0	0	45s	100	1	6586
r	295	493	5	5	0	0	45s	100	1	6587
r	301	485	5	5	0	0	45s	100	1	6588
r	306	475	5	5	0	0	45s	100	1	6586
r	289	479	5	5	0	0	45s	100	1	6587
r	280	481	5	5	0	0	45s	100	1	6588
r	272	474	5	5	0	0	45s	100	1	6586
r	290	462	5	5	0	0	45s	100	1	6587
r	304	462	5	5	0	0	45s	100	1	6588
r	303	469	5	5	0	0	45s	100	1	6586
r	184	544	5	5	0	0	45s	100	1	6587
r	206	560	5	5	0	0	45s	100	1	6588
r	206	566	5	5	0	0	45s	100	1	6586
r	222	592	5	5	0	0	45s	100	1	6587
r	246	618	5	5	0	0	45s	100	1	6588
r	254	628	5	5	0	0	45s	100	1	6586
r	264	639	5	5	0	0	45s	100	1	6587
r	272	644	5	5	0	0	45s	100	1	6588
r	285	654	5	5	0	0	45s	100	1	6586
r	306	663	5	5	0	0	45s	100	1	6587
r	322	667	5	5	0	0	45s	100	1	6588
r	344	669	5	5	0	0	45s	100	1	6586
r	354	672	5	5	0	0	45s	100	1	6587
r	357	677	5	5	0	0	45s	100	1	6588
r	352	715	5	5	0	0	45s	100	1	6586
r	352	724	5	5	0	0	45s	100	1	6587
r	351	736	5	5	0	0	45s	100	1	6588
r	340	753	5	5	0	0	45s	100	1	6586
r	327	754	5	5	0	0	45s	100	1	6587
r	315	748	5	5	0	0	45s	100	1	6588
r	298	744	5	5	0	0	45s	100	1	6586
r	302	728	5	5	0	0	45s	100	1	6587
r	323	722	5	5	0	0	45s	100	1	6588
r	339	731	5	5	0	0	45s	100	1	6586
r	344	736	5	5	0	0	45s	100	1	6587
r	345	698	5	5	0	0	45s	100	1	6588
r	348	687	5	5	0	0	45s	100	1	6586
r	341	713	5	5	0	0	45s	100	1	6587
r	340	718	5	5	0	0	45s	100	1	6588
r	325	694	5	5	0	0	45s	100	1	6586
r	331	680	5	5	0	0	45s	100	1	6587
r	325	713	5	5	0	0	45s	100	1	6588
r	334	715	5	5	0	0	45s	100	1	6586
r	318	702	5	5	0	0	45s	100	1	6587
r	306	711	5	5	0	0	45s	100	1	6588
r	294	719	5	5	0	0	45s	100	1	6586
r	282	731	5	5	0	0	45s	100	1	6587
r	273	745	5	5	0	0	45s	100	1	6588
r	267	753	5	5	0	0	45s	100	1	6586
r	258	758	5	5	0	0	45s	100	1	6587
r	244	762	5	5	0	0	45s	100	1	6588
r	247	740	5	5	0	0	45s	100	1	6586
r	254	728	5	5	0	0	45s	100	1	6587
r	265	713	5	5	0	0	45s	100	1	6588
r	266	733	5	5	0	0	45s	100	1	6586
r	266	736	5	5	0	0	45s	100	1	6587
r	288	705	5	5	0	0	45s	100	1	6588
r	309	703	5	5	0	0	45s	100	1	6586
r	317	695	5	5	0	0	45s	100	1	6587
r	303	687	5	5	0	0	45s	100	1	6588
r	296	687	5	5	0	0	45s	100	1	6586
r	289	681	5	5	0	0	45s	100	1	6587
r	281	675	5	5	0	0	45s	100	1	6588
r	265	667	5	5	0	0	45s	100	1	6586
r	263	651	5	5	0	0	45s	100	1	6587
r	282	668	5	5	0	0	45s	100	1	6588
r	297	680	5	5	0	0	45s	100	1	6586
r	319	684	5	5	0	0	45s	100	1	6587
r	334	684	5	5	0	0	45s	100	1	6588
r	312	678	5	5	0	0	45s	100	1	6586
r	307	683	5	5	0	0	45s	100	1	6587
r	333	672	5	5	0	0	45s	100	1	6588
r	185	418	5	5	0	0	45s	100	1	6586
r	173	430	5	5	0	0	45s	100	1	6587
r	169	438	5	5	0	0	45s	100	1	6588
r	145	448	5	5	0	0	45s	100	1	6586
r	127	456	5	5	0	0	45s	100	1	6587
r	116	461	5	5	0	0	45s	100	1	6588
r	222	365	5	5	0	0	45s	100	1	6586
r	218	363	5	5	0	0	45s	100	1	6587
r	217	334	5	5	0	0	45s	100	1	6588
r	221	349	5	5	0	0	45s	100	1	6586
r	217	360	5	5	0	0	45s	100	1	6587
r	194	399	5	5	0	0	45s	100	1	6588
r	181	428	5	5	0	0	45s	100	1	6586
r	247	749	5	5	0	0	45s	100	1	6587
r	244	753	5	5	0	0	45s	100	1	6588
r	228	763	5	5	0	0	45s	100	1	6586
r	226	768	5	5	0	0	45s	100	1	6587
r	218	777	5	5	0	0	45s	100	1	6588
r	215	783	5	5	0	0	45s	100	1	6586
r	209	794	5	5	0	0	45s	100	1	6587
r	206	798	5	5	0	0	45s	100	1	6588
r	207	806	5	5	0	0	45s	100	1	6586
r	204	823	5	5	0	0	45s	100	1	6587
r	198	840	5	5	0	0	45s	100	1	6588
r	196	852	5	5	0	0	45s	100	1	6586
r	200	868	5	5	0	0	45s	100	1	6587
r	216	876	5	5	0	0	45s	100	1	6588
r	228	882	5	5	0	0	45s	100	1	6586
r	239	883	5	5	0	0	45s	100	1	6587
r	211	888	5	5	0	0	45s	100	1	6588
r	226	892	5	5	0	0	45s	100	1	6586
r	228	894	5	5	0	0	45s	100	1	6587
r	212	898	5	5	0	0	45s	100	1	6588
r	198	901	5	5	0	0	45s	100	1	6586
r	185	904	5	5	0	0	45s	100	1	6587
r	169	889	5	5	0	0	45s	100	1	6588
r	160	882	5	5	0	0	45s	100	1	6586
r	144	885	5	5	0	0	45s	100	1	6587
r	139	880	5	5	0	0	45s	100	1	6588
r	129	869	5	5	0	0	45s	100	1	6586
r	118	854	5	5	0	0	45s	100	1	6587
r	115	851	5	5	0	0	45s	100	1	6588
r	107	848	5	5	0	0	45s	100	1	6586
r	89	833	5	5	0	0	45s	100	1	6587
r	91	828	5	5	0	0	45s	100	1	6588
r	100	813	5	5	0	0	45s	100	1	6586
r	105	803	5	5	0	0	45s	100	1	6587
r	112	797	5	5	0	0	45s	100	1	6588
r	120	792	5	5	0	0	45s	100	1	6586
r	124	788	5	5	0	0	45s	100	1	6587
r	136	769	5	5	0	0	45s	100	1	6588
r	139	764	5	5	0	0	45s	100	1	6586
r	120	756	5	5	0	0	45s	100	1	6587
r	110	729	5	5	0	0	45s	100	1	6588
r	125	748	5	5	0	0	45s	100	1	6586
r	116	788	5	5	0	0	45s	100	1	6587
r	100	817	5	5	0	0	45s	100	1	6588
r	102	842	5	5	0	0	45s	100	1	6586
r	111	863	5	5	0	0	45s	100	1	6587
r	105	878	5	5	0	0	45s	100	1	6588
r	103	888	5	5	0	0	45s	100	1	6586
r	103	901	5	5	0	0	45s	100	1	6587
r	107	917	5	5	0	0	45s	100	1	6588
r	118	906	5	5	0	0	45s	100	1	6586
r	129	908	5	5	0	0	45s	100	1	6587
r	118	920	5	5	0	0	45s	100	1	6588
r	124	924	5	5	0	0	45s	100	1	6586
r	135	914	5	5	0	0	45s	100	1	6587
r	160	909	5	5	0	0	45s	100	1	6588
r	156	926	5	5	0	0	45s	100	1	6586
r	149	938	5	5	0	0	45s	100	1	6587
r	171	929	5	5	0	0	45s	100	1	6588
r	184	921	5	5	0	0	45s	100	1	6586
r	200	921	5	5	0	0	45s	100	1	6587
r	217	928	5	5	0	0	45s	100	1	6588
r	231	930	5	5	0	0	45s	100	1	6586
r	229	908	5	5	0	0	45s	100	1	6587
r	239	901	5	5	0	0	45s	100	1	6588
r	250	904	5	5	0	0	45s	100	1	6586
r	267	901	5	5	0	0	45s	100	1	6587
r	284	897	5	5	0	0	45s	100	1	6588
r	302	900	5	5	0	0	45s	100	1	6586
r	299	914	5	5	0	0	45s	100	1	6587
r	296	911	5	5	0	0	45s	100	1	6588
r	315	916	5	5	0	0	45s	100	1	6586
r	298	924	5	5	0	0	45s	100	1	6587
r	320	919	5	5	0	0	45s	100	1	6588
r	338	912	5	5	0	0	45s	100	1	6586
r	361	905	5	5	0	0	45s	100	1	6587
r	376	909	5	5	0	0	45s	100	1	6588
r	391	913	5	5	0	0	45s	100	1	6586
r	410	913	5	5	0	0	45s	100	1	6587
r	447	907	5	5	0	0	45s	100	1	6588
r	470	907	5	5	0	0	45s	100	1	6586
r	486	908	5	5	0	0	45s	100	1	6587
r	496	910	5	5	0	0	45s	100	1	6588
r	502	912	5	5	0	0	45s	100	1	6586
r	512	914	5	5	0	0	45s	100	1	6587
r	522	918	5	5	0	0	45s	100	1	6588
r	539	920	5	5	0	0	45s	100	1	6586
r	559	921	5	5	0	0	45s	100	1	6587
r	522	906	5	5	0	0	45s	100	1	6588
r	505	902	5	5	0	0	45s	100	1	6586
r	482	893	5	5	0	0	45s	100	1	6587
r	476	897	5	5	0	0	45s	100	1	6588
r	471	914	5	5	0	0	45s	100	1	6586
r	497	916	5	5	0	0	45s	100	1	6587
r	507	902	5	5	0	0	45s	100	1	6588
r	519	919	5	5	0	0	45s	100	1	6586
r	495	926	5	5	0	0	45s	100	1	6587
r	469	922	5	5	0	0	45s	100	1	6588
r	459	909	5	5	0	0	45s	100	1	6586
r	429	914	5	5	0	0	45s	100	1	6587
r	413	925	5	5	0	0	45s	100	1	6588
r	403	930	5	5	0	0	45s	100	1	6586
r	373	949	5	5	0	0	45s	100	1	6587
r	373	949	5	5	0	0	45s	100	1	6588
r	380	930	5	5	0	0	45s	100	1	6586
r	389	926	5	5	0	0	45s	100	1	6587
r	418	918	5	5	0	0	45s	100	1	6588
r	440	909	5	5	0	0	45s	100	1	6586
r	409	912	5	5	0	0	45s	100	1	6587
r	393	911	5	5	0	0	45s	100	1	6588
r	385	908	5	5	0	0	45s	100	1	6586
r	365	904	5	5	0	0	45s	100	1	6587
r	356	904	5	5	0	0	45s	100	1	6588
r	343	904	5	5	0	0	45s	100	1	6586
r	319	902	5	5	0	0	45s	100	1	6587
r	304	897	5	5	0	0	45s	100	1	6588
r	331	890	5	5	0	0	45s	100	1	6586
r	366	889	5	5	0	0	45s	100	1	6587
r	371	889	5	5	0	0	45s	100	1	6588
r	348	875	5	5	0	0	45s	100	1	6586
r	343	867	5	5	0	0	45s	100	1	6587
r	342	853	5	5	0	0	45s	100	1	6588
r	347	847	5	5	0	0	45s	100	1	6586
r	357	848	5	5	0	0	45s	100	1	6587
r	358	862	5	5	0	0	45s	100	1	6588
r	355	872	5	5	0	0	45s	100	1	6586
r	345	879	5	5	0	0	45s	100	1	6587
r	372	863	5	5	0	0	45s	100	1	6588
r	382	844	5	5	0	0	45s	100	1	6586
r	388	839	5	5	0	0	45s	100	1	6587
r	393	827	5	5	0	0	45s	100	1	6588
r	397	802	5	5	0	0	45s	100	1	6586
r	397	799	5	5	0	0	45s	100	1	6587
r	370	818	5	5	0	0	45s	100	1	6588
r	368	821	5	5	0	0	45s	100	1	6586
r	356	801	5	5	0	0	45s	100	1	6587
r	349	802	5	5	0	0	45s	100	1	6588
r	337	814	5	5	0	0	45s	100	1	6586
r	333	825	5	5	0	0	45s	100	1	6587
r	336	843	5	5	0	0	45s	100	1	6588
r	369	858	5	5	0	0	45s	100	1	6586
r	390	851	5	5	0	0	45s	100	1	6587
r	398	824	5	5	0	0	45s	100	1	6588
r	429	807	5	5	0	0	45s	100	1	6586
r	436	815	5	5	0	0	45s	100	1	6587
r	439	840	5	5	0	0	45s	100	1	6588
r	439	840	5	5	0	0	45s	100	1	6586
r	444	823	5	5	0	0	45s	100	1	6587
r	444	808	5	5	0	0	45s	100	1	6588
r	444	802	5	5	0	0	45s	100	1	6586
r	451	792	5	5	0	0	45s	100	1	6587
r	461	789	5	5	0	0	45s	100	1	6588
r	472	787	5	5	0	0	45s	100	1	6586
r	481	781	5	5	0	0	45s	100	1	6587
r	487	769	5	5	0	0	45s	100	1	6588
r	487	754	5	5	0	0	45s	100	1	6586
r	487	747	5	5	0	0	45s	100	1	6587
r	478	745	5	5	0	0	45s	100	1	6588
r	473	756	5	5	0	0	45s	100	1	6586
r	468	764	5	5	0	0	45s	100	1	6587
r	460	770	5	5	0	0	45s	100	1	6588
r	448	776	5	5	0	0	45s	100	1	6586
r	437	781	5	5	0	0	45s	100	1	6587
r	428	786	5	5	0	0	45s	100	1	6588
r	416	791	5	5	0	0	45s	100	1	6586
r	402	795	5	5	0	0	45s	100	1	6587
r	397	796	5	5	0	0	45s	100	1	6588
r	402	784	5	5	0	0	45s	100	1	6586
r	409	776	5	5	0	0	45s	100	1	6587
r	417	765	5	5	0	0	45s	100	1	6588
r	423	751	5	5	0	0	45s	100	1	6586
r	427	737	5	5	0	0	45s	100	1	6587
r	431	726	5	5	0	0	45s	100	1	6588
r	441	721	5	5	0	0	45s	100	1	6586
r	456	724	5	5	0	0	45s	100	1	6587
r	439	755	5	5	0	0	45s	100	1	6588
r	427	765	5	5	0	0	45s	100	1	6586
r	419	774	5	5	0	0	45s	100	1	6587
r	450	764	5	5	0	0	45s	100	1	6588
r	459	757	5	5	0	0	45s	100	1	6586
r	463	741	5	5	0	0	45s	100	1	6587
r	460	741	5	5	0	0	45s	100	1	6588
r	444	747	5	5	0	0	45s	100	1	6586
r	393	804	5	5	0	0	45s	100	1	6587
r	382	809	5	5	0	0	45s	100	1	6588
r	369	810	5	5	0	0	45s	100	1	6586
r	352	822	5	5	0	0	45s	100	1	6587
r	348	829	5	5	0	0	45s	100	1	6588
r	377	836	5	5	0	0	45s	100	1	6586
r	382	836	5	5	0	0	45s	100	1	6587
r	373	864	5	5	0	0	45s	100	1	6588
r	358	876	5	5	0	0	45s	100	1	6586
r	354	888	5	5	0	0	45s	100	1	6587
r	355	895	5	5	0	0	45s	100	1	6588
r	361	911	5	5	0	0	45s	100	1	6586
r	363	916	5	5	0	0	45s	100	1	6587
r	338	879	5	5	0	0	45s	100	1	6588
r	326	891	5	5	0	0	45s	100	1	6586
r	303	910	5	5	0	0	45s	100	1	6587
r	154	909	5	5	0	0	45s	100	1	6588
r	139	909	5	5	0	0	45s	100	1	6586
r	110	918	5	5	0	0	45s	100	1	6587
r	103	922	5	5	0	0	45s	100	1	6588
r	348	915	5	5	0	0	45s	100	1	6586
r	341	903	5	5	0	0	45s	100	1	6587
r	337	896	5	5	0	0	45s	100	1	6588
r	386	942	5	5	0	0	45s	100	1	6586
r	390	907	5	5	0	0	45s	100	1	6587
r	406	898	5	5	0	0	45s	100	1	6588
r	415	896	5	5	0	0	45s	100	1	6586
r	410	906	5	5	0	0	45s	100	1	6587
r	443	902	5	5	0	0	45s	100	1	6588
r	467	897	5	5	0	0	45s	100	1	6586
r	480	897	5	5	0	0	45s	100	1	6587
r	489	899	5	5	0	0	45s	100	1	6588
r	500	899	5	5	0	0	45s	100	1	6586
r	289	711	5	5	0	0	45s	100	1	6587
r	288	671	5	5	0	0	45s	100	1	6588
r	292	684	5	5	0	0	45s	100	1	6586
r	281	713	5	5	0	0	45s	100	1	6587
r	272	725	5	5	0	0	45s	100	1	6588
r	290	688	5	5	0	0	45s	100	1	6586
r	290	686	5	5	0	0	45s	100	1	6587
r	330	672	5	5	0	0	45s	100	1	6588
r	350	685	5	5	0	0	45s	100	1	6586
r	423	809	5	5	0	0	45s	100	1	6587
r	400	815	5	5	0	0	45s	100	1	6588
r	392	824	5	5	0	0	45s	100	1	6586
r	312	573	5	5	0	0	45s	100	1	6587
r	309	580	5	5	0	0	45s	100	1	6588
r	313	538	5	5	0	0	45s	100	1	6586
r	314	528	5	5	0	0	45s	100	1	6587
r	312	498	5	5	0	0	45s	100	1	6588
r	296	495	5	5	0	0	45s	100	1	6586
r	290	530	5	5	0	0	45s	100	1	6587
r	218	582	5	5	0	0	45s	100	1	6588
r	203	572	5	5	0	0	45s	100	1	6586
r	188	558	5	5	0	0	45s	100	1	6587
r	187	557	5	5	0	0	45s	100	1	6588
r	172	546	5	5	0	0	45s	100	1	6586
r	154	545	5	5	0	0	45s	100	1	6587
r	139	535	5	5	0	0	45s	100	1	6588
r	134	535	5	5	0	0	45s	100	1	6586
r	154	537	5	5	0	0	45s	100	1	6587
r	164	542	5	5	0	0	45s	100	1	6588
r	171	546	5	5	0	0	45s	100	1	6586
r	136	464	5	5	0	0	45s	100	1	6587
r	148	444	5	5	0	0	45s	100	1	6588
r	160	420	5	5	0	0	45s	100	1	6586
r	176	374	5	5	0	0	45s	100	1	6587
r	156	388	5	5	0	0	45s	100	1	6588
r	139	402	5	5	0	0	45s	100	1	6586
r	192	349	5	5	0	0	45s	100	1	6587
r	176	358	5	5	0	0	45s	100	1	6588
r	176	357	5	5	0	0	45s	100	1	6586
r	173	353	5	5	0	0	45s	100	1	6587
r	141	379	5	5	0	0	45s	100	1	6588
r	129	385	5	5	0	0	45s	100	1	6586
r	119	402	5	5	0	0	45s	100	1	6587
r	118	419	5	5	0	0	45s	100	1	6588
r	114	435	5	5	0	0	45s	100	1	6586
r	110	448	5	5	0	0	45s	100	1	6587
r	589	926	5	5	0	0	45s	100	1	6588
r	593	938	5	5	0	0	45s	100	1	6586
r	593	959	5	5	0	0	45s	100	1	6587
r	626	951	5	5	0	0	45s	100	1	6588
r	631	946	5	5	0	0	45s	100	1	6586
r	609	927	5	5	0	0	45s	100	1	6587
r	623	944	5	5	0	0	45s	100	1	6588
r	606	952	5	5	0	0	45s	100	1	6586
r	576	927	5	5	0	0	45s	100	1	6587
r	545	921	5	5	0	0	45s	100	1	6588
r	514	921	5	5	0	0	45s	100	1	6586
r	491	919	5	5	0	0	45s	100	1	6587
r	557	919	5	5	0	0	45s	100	1	6588
r	589	935	5	5	0	0	45s	100	1	6586
r	607	943	5	5	0	0	45s	100	1	6587
r	633	934	5	5	0	0	45s	100	1	6588
r	658	927	5	5	0	0	45s	100	1	6586
r	678	921	5	5	0	0	45s	100	1	6587
r	698	909	5	5	0	0	45s	100	1	6588
r	705	905	5	5	0	0	45s	100	1	6586
r	658	916	5	5	0	0	45s	100	1	6587
r	649	919	5	5	0	0	45s	100	1	6588
r	713	904	5	5	0	0	45s	100	1	6586
r	731	888	5	5	0	0	45s	100	1	6587
r	753	889	5	5	0	0	45s	100	1	6588
r	760	905	5	5	0	0	45s	100	1	6586
r	773	936	5	5	0	0	45s	100	1	6587
r	788	939	5	5	0	0	45s	100	1	6588
r	806	931	5	5	0	0	45s	100	1	6586
r	811	912	5	5	0	0	45s	100	1	6587
r	812	892	5	5	0	0	45s	100	1	6588
r	800	864	5	5	0	0	45s	100	1	6586
r	792	854	5	5	0	0	45s	100	1	6587
r	774	843	5	5	0	0	45s	100	1	6588
r	759	833	5	5	0	0	45s	100	1	6586
r	746	824	5	5	0	0	45s	100	1	6587
r	733	812	5	5	0	0	45s	100	1	6588
r	720	796	5	5	0	0	45s	100	1	6586
r	686	768	5	5	0	0	45s	100	1	6587
r	709	813	5	5	0	0	45s	100	1	6588
r	720	831	5	5	0	0	45s	100	1	6586
r	729	843	5	5	0	0	45s	100	1	6587
r	728	861	5	5	0	0	45s	100	1	6588
r	714	881	5	5	0	0	45s	100	1	6586
r	710	885	5	5	0	0	45s	100	1	6587
r	739	882	5	5	0	0	45s	100	1	6588
r	761	878	5	5	0	0	45s	100	1	6586
r	767	892	5	5	0	0	45s	100	1	6587
r	767	903	5	5	0	0	45s	100	1	6588
r	780	915	5	5	0	0	45s	100	1	6586
r	796	919	5	5	0	0	45s	100	1	6587
r	803	889	5	5	0	0	45s	100	1	6588
r	799	876	5	5	0	0	45s	100	1	6586
r	784	866	5	5	0	0	45s	100	1	6587
r	783	888	5	5	0	0	45s	100	1	6588
r	791	901	5	5	0	0	45s	100	1	6586
r	788	918	5	5	0	0	45s	100	1	6587
r	780	924	5	5	0	0	45s	100	1	6588
r	778	911	5	5	0	0	45s	100	1	6586
r	791	901	5	5	0	0	45s	100	1	6587
r	800	901	5	5	0	0	45s	100	1	6588
r	800	886	5	5	0	0	45s	100	1	6586
r	786	878	5	5	0	0	45s	100	1	6587
r	771	880	5	5	0	0	45s	100	1	6588
r	760	885	5	5	0	0	45s	100	1	6586
r	752	868	5	5	0	0	45s	100	1	6587
r	751	861	5	5	0	0	45s	100	1	6588
r	770	856	5	5	0	0	45s	100	1	6586
r	791	863	5	5	0	0	45s	100	1	6587
r	783	840	5	5	0	0	45s	100	1	6588
r	769	837	5	5	0	0	45s	100	1	6586
r	751	843	5	5	0	0	45s	100	1	6587
r	726	850	5	5	0	0	45s	100	1	6588
r	737	855	5	5	0	0	45s	100	1	6586
r	761	864	5	5	0	0	45s	100	1	6587
r	759	875	5	5	0	0	45s	100	1	6588
r	787	881	5	5	0	0	45s	100	1	6586
r	789	906	5	5	0	0	45s	100	1	6587
r	788	919	5	5	0	0	45s	100	1	6588
r	791	885	5	5	0	0	45s	100	1	6586
r	780	876	5	5	0	0	45s	100	1	6587
r	758	875	5	5	0	0	45s	100	1	6588
r	743	878	5	5	0	0	45s	100	1	6586
r	735	875	5	5	0	0	45s	100	1	6587
r	723	877	5	5	0	0	45s	100	1	6588
r	714	886	5	5	0	0	45s	100	1	6586
r	753	894	5	5	0	0	45s	100	1	6587
r	773	901	5	5	0	0	45s	100	1	6588
r	771	908	5	5	0	0	45s	100	1	6586
r	770	898	5	5	0	0	45s	100	1	6587
r	787	867	5	5	0	0	45s	100	1	6588
r	774	850	5	5	0	0	45s	100	1	6586
r	753	838	5	5	0	0	45s	100	1	6587
r	727	811	5	5	0	0	45s	100	1	6588
r	702	792	5	5	0	0	45s	100	1	6586
r	692	782	5	5	0	0	45s	100	1	6587
r	672	764	5	5	0	0	45s	100	1	6588
r	670	754	5	5	0	0	45s	100	1	6586
r	666	752	5	5	0	0	45s	100	1	6587
r	654	737	5	5	0	0	45s	100	1	6588
r	652	729	5	5	0	0	45s	100	1	6586
r	654	700	5	5	0	0	45s	100	1	6587
r	656	687	5	5	0	0	45s	100	1	6588
r	662	675	5	5	0	0	45s	100	1	6586
r	672	660	5	5	0	0	45s	100	1	6587
r	673	655	5	5	0	0	45s	100	1	6588
r	652	662	5	5	0	0	45s	100	1	6586
r	641	667	5	5	0	0	45s	100	1	6587
r	640	673	5	5	0	0	45s	100	1	6588
r	643	690	5	5	0	0	45s	100	1	6586
r	652	708	5	5	0	0	45s	100	1	6587
r	659	727	5	5	0	0	45s	100	1	6588
r	648	737	5	5	0	0	45s	100	1	6586
r	632	729	5	5	0	0	45s	100	1	6587
r	629	718	5	5	0	0	45s	100	1	6588
r	639	700	5	5	0	0	45s	100	1	6586
r	650	675	5	5	0	0	45s	100	1	6587
r	650	671	5	5	0	0	45s	100	1	6588
r	637	679	5	5	0	0	45s	100	1	6586
r	622	708	5	5	0	0	45s	100	1	6587
r	613	720	5	5	0	0	45s	100	1	6588
r	605	721	5	5	0	0	45s	100	1	6586
r	604	716	5	5	0	0	45s	100	1	6587
r	626	698	5	5	0	0	45s	100	1	6588
r	624	685	5	5	0	0	45s	100	1	6586
r	614	674	5	5	0	0	45s	100	1	6587
r	599	691	5	5	0	0	45s	100	1	6588
r	592	702	5	5	0	0	45s	100	1	6586
r	597	705	5	5	0	0	45s	100	1	6587
r	612	700	5	5	0	0	45s	100	1	6588
r	621	681	5	5	0	0	45s	100	1	6586
r	626	660	5	5	0	0	45s	100	1	6587
r	630	652	5	5	0	0	45s	100	1	6588
r	640	655	5	5	0	0	45s	100	1	6586
r	639	670	5	5	0	0	45s	100	1	6587
r	617	707	5	5	0	0	45s	100	1	6588
r	597	720	5	5	0	0	45s	100	1	6586
r	573	712	5	5	0	0	45s	100	1	6587
r	555	697	5	5	0	0	45s	100	1	6588
r	547	692	5	5	0	0	45s	100	1	6586
r	528	686	5	5	0	0	45s	100	1	6587
r	518	676	5	5	0	0	45s	100	1	6588
r	513	691	5	5	0	0	45s	100	1	6586
r	536	694	5	5	0	0	45s	100	1	6587
r	564	710	5	5	0	0	45s	100	1	6588
r	556	693	5	5	0	0	45s	100	1	6586
r	560	659	5	5	0	0	45s	100	1	6587
r	571	647	5	5	0	0	45s	100	1	6588
r	585	631	5	5	0	0	45s	100	1	6586
r	602	614	5	5	0	0	45s	100	1	6587
r	618	601	5	5	0	0	45s	100	1	6588
r	635	585	5	5	0	0	45s	100	1	6586
r	654	569	5	5	0	0	45s	100	1	6587
r	664	563	5	5	0	0	45s	100	1	6588
r	608	611	5	5	0	0	45s	100	1	6586
r	573	642	5	5	0	0	45s	100	1	6587
r	558	656	5	5	0	0	45s	100	1	6588
r	549	664	5	5	0	0	45s	100	1	6586
r	544	671	5	5	0	0	45s	100	1	6587
r	542	677	5	5	0	0	45s	100	1	6588
r	559	684	5	5	0	0	45s	100	1	6586
r	564	683	5	5	0	0	45s	100	1	6587
r	529	668	5	5	0	0	45s	100	1	6588
r	591	621	5	5	0	0	45s	100	1	6586
r	611	620	5	5	0	0	45s	100	1	6587
r	629	601	5	5	0	0	45s	100	1	6588
r	637	582	5	5	0	0	45s	100	1	6586
r	644	576	5	5	0	0	45s	100	1	6587
r	657	562	5	5	0	0	45s	100	1	6588
r	666	536	5	5	0	0	45s	100	1	6586
r	682	520	5	5	0	0	45s	100	1	6587
r	695	508	5	5	0	0	45s	100	1	6588
r	700	508	5	5	0	0	45s	100	1	6586
r	696	535	5	5	0	0	45s	100	1	6587
r	684	542	5	5	0	0	45s	100	1	6588
r	678	546	5	5	0	0	45s	100	1	6586
r	679	548	5	5	0	0	45s	100	1	6587
r	709	528	5	5	0	0	45s	100	1	6588
r	723	538	5	5	0	0	45s	100	1	6586
r	731	548	5	5	0	0	45s	100	1	6587
r	746	561	5	5	0	0	45s	100	1	6588
r	763	568	5	5	0	0	45s	100	1	6586
r	781	571	5	5	0	0	45s	100	1	6587
r	786	574	5	5	0	0	45s	100	1	6588
r	786	583	5	5	0	0	45s	100	1	6586
r	780	594	5	5	0	0	45s	100	1	6587
r	763	586	5	5	0	0	45s	100	1	6588
r	782	593	5	5	0	0	45s	100	1	6586
r	794	605	5	5	0	0	45s	100	1	6587
r	809	610	5	5	0	0	45s	100	1	6588
r	815	615	5	5	0	0	45s	100	1	6586
r	803	628	5	5	0	0	45s	100	1	6587
r	788	635	5	5	0	0	45s	100	1	6588
r	780	605	5	5	0	0	45s	100	1	6586
r	801	640	5	5	0	0	45s	100	1	6587
r	791	658	5	5	0	0	45s	100	1	6588
r	776	684	5	5	0	0	45s	100	1	6586
r	772	695	5	5	0	0	45s	100	1	6587
r	787	659	5	5	0	0	45s	100	1	6588
r	780	666	5	5	0	0	45s	100	1	6586
r	776	677	5	5	0	0	45s	100	1	6587
r	773	699	5	5	0	0	45s	100	1	6588
r	800	706	5	5	0	0	45s	100	1	6586
r	801	705	5	5	0	0	45s	100	1	6587
r	802	683	5	5	0	0	45s	100	1	6588
r	797	685	5	5	0	0	45s	100	1	6586
r	788	700	5	5	0	0	45s	100	1	6587
r	791	730	5	5	0	0	45s	100	1	6588
r	805	748	5	5	0	0	45s	100	1	6586
r	831	767	5	5	0	0	45s	100	1	6587
r	848	781	5	5	0	0	45s	100	1	6588
r	881	792	5	5	0	0	45s	100	1	6586
r	906	815	5	5	0	0	45s	100	1	6587
r	915	837	5	5	0	0	45s	100	1	6588
r	916	864	5	5	0	0	45s	100	1	6586
r	915	893	5	5	0	0	45s	100	1	6587
r	907	922	5	5	0	0	45s	100	1	6588
r	895	935	5	5	0	0	45s	100	1	6586
r	881	948	5	5	0	0	45s	100	1	6587
r	882	955	5	5	0	0	45s	100	1	6588
r	906	948	5	5	0	0	45s	100	1	6586
r	922	933	5	5	0	0	45s	100	1	6587
r	930	922	5	5	0	0	45s	100	1	6588
r	940	899	5	5	0	0	45s	100	1	6586
r	941	884	5	5	0	0	45s	100	1	6587
r	934	862	5	5	0	0	45s	100	1	6588
r	921	830	5	5	0	0	45s	100	1	6586
r	911	815	5	5	0	0	45s	100	1	6587
r	896	807	5	5	0	0	45s	100	1	6588
r	891	816	5	5	0	0	45s	100	1	6586
r	895	844	5	5	0	0	45s	100	1	6587
r	909	871	5	5	0	0	45s	100	1	6588
r	919	888	5	5	0	0	45s	100	1	6586
r	922	916	5	5	0	0	45s	100	1	6587
r	901	937	5	5	0	0	45s	100	1	6588
r	894	939	5	5	0	0	45s	100	1	6586
r	900	919	5	5	0	0	45s	100	1	6587
r	904	901	5	5	0	0	45s	100	1	6588
r	901	873	5	5	0	0	45s	100	1	6586
r	894	862	5	5	0	0	45s	100	1	6587
r	884	846	5	5	0	0	45s	100	1	6588
r	876	822	5	5	0	0	45s	100	1	6586
r	875	816	5	5	0	0	45s	100	1	6587
r	903	840	5	5	0	0	45s	100	1	6588
r	896	850	5	5	0	0	45s	100	1	6586
r	888	855	5	5	0	0	45s	100	1	6587
r	879	858	5	5	0	0	45s	100	1	6588
r	871	844	5	5	0	0	45s	100	1	6586
r	874	840	5	5	0	0	45s	100	1	6587
r	886	839	5	5	0	0	45s	100	1	6588
r	898	835	5	5	0	0	45s	100	1	6586
r	907	805	5	5	0	0	45s	100	1	6587
r	915	782	5	5	0	0	45s	100	1	6588
r	903	803	5	5	0	0	45s	100	1	6586
r	896	802	5	5	0	0	45s	100	1	6587
r	879	794	5	5	0	0	45s	100	1	6588
r	864	788	5	5	0	0	45s	100	1	6586
r	842	779	5	5	0	0	45s	100	1	6587
r	831	764	5	5	0	0	45s	100	1	6588
r	829	757	5	5	0	0	45s	100	1	6586
r	826	748	5	5	0	0	45s	100	1	6587
r	820	725	5	5	0	0	45s	100	1	6588
r	814	716	5	5	0	0	45s	100	1	6586
r	806	710	5	5	0	0	45s	100	1	6587
r	784	691	5	5	0	0	45s	100	1	6588
r	780	688	5	5	0	0	45s	100	1	6586
r	804	729	5	5	0	0	45s	100	1	6587
r	817	741	5	5	0	0	45s	100	1	6588
r	840	778	5	5	0	0	45s	100	1	6586
r	834	777	5	5	0	0	45s	100	1	6587
r	807	755	5	5	0	0	45s	100	1	6588
r	782	721	5	5	0	0	45s	100	1	6586
r	795	680	5	5	0	0	45s	100	1	6587
r	809	651	5	5	0	0	45s	100	1	6588
r	827	630	5	5	0	0	45s	100	1	6586
r	841	640	5	5	0	0	45s	100	1	6587
r	861	650	5	5	0	0	45s	100	1	6588
r	891	652	5	5	0	0	45s	100	1	6586
r	910	653	5	5	0	0	45s	100	1	6587
r	931	653	5	5	0	0	45s	100	1	6588
r	923	668	5	5	0	0	45s	100	1	6586
r	910	671	5	5	0	0	45s	100	1	6587
r	886	658	5	5	0	0	45s	100	1	6588
r	842	643	5	5	0	0	45s	100	1	6586
r	814	625	5	5	0	0	45s	100	1	6587
r	796	604	5	5	0	0	45s	100	1	6588
r	786	590	5	5	0	0	45s	100	1	6586
r	784	547	5	5	0	0	45s	100	1	6587
r	786	529	5	5	0	0	45s	100	1	6588
r	786	514	5	5	0	0	45s	100	1	6586
r	785	489	5	5	0	0	45s	100	1	6587
r	785	489	5	5	0	0	45s	100	1	6588
r	774	475	5	5	0	0	45s	100	1	6586
r	778	461	5	5	0	0	45s	100	1	6587
r	782	450	5	5	0	0	45s	100	1	6588
r	781	448	5	5	0	0	45s	100	1	6586
r	762	445	5	5	0	0	45s	100	1	6587
r	753	446	5	5	0	0	45s	100	1	6588
r	771	446	5	5	0	0	45s	100	1	6586
r	790	446	5	5	0	0	45s	100	1	6587
r	803	453	5	5	0	0	45s	100	1	6588
r	804	468	5	5	0	0	45s	100	1	6586
r	778	465	5	5	0	0	45s	100	1	6587
r	765	459	5	5	0	0	45s	100	1	6588
r	756	458	5	5	0	0	45s	100	1	6586
r	763	482	5	5	0	0	45s	100	1	6587
r	774	484	5	5	0	0	45s	100	1	6588
r	784	506	5	5	0	0	45s	100	1	6586
r	777	516	5	5	0	0	45s	100	1	6587
r	776	527	5	5	0	0	45s	100	1	6588
r	769	489	5	5	0	0	45s	100	1	6586
r	778	471	5	5	0	0	45s	100	1	6587
r	785	487	5	5	0	0	45s	100	1	6588
r	760	557	5	5	0	0	45s	100	1	6586
r	732	549	5	5	0	0	45s	100	1	6587
r	723	521	5	5	0	0	45s	100	1	6588
r	711	511	5	5	0	0	45s	100	1	6586
r	704	519	5	5	0	0	45s	100	1	6587
r	691	531	5	5	0	0	45s	100	1	6588
r	673	541	5	5	0	0	45s	100	1	6586
r	652	559	5	5	0	0	45s	100	1	6587
r	632	576	5	5	0	0	45s	100	1	6588
r	613	590	5	5	0	0	45s	100	1	6586
r	615	592	5	5	0	0	45s	100	1	6587
r	693	497	5	5	0	0	45s	100	1	6588
r	695	473	5	5	0	0	45s	100	1	6586
r	697	441	5	5	0	0	45s	100	1	6587
r	698	416	5	5	0	0	45s	100	1	6588
r	698	412	5	5	0	0	45s	100	1	6586
r	690	497	5	5	0	0	45s	100	1	6587
r	686	518	5	5	0	0	45s	100	1	6588
r	691	458	5	5	0	0	45s	100	1	6586
r	691	449	5	5	0	0	45s	100	1	6587
r	694	437	5	5	0	0	45s	100	1	6588
r	701	411	5	5	0	0	45s	100	1	6586
r	705	395	5	5	0	0	45s	100	1	6587
r	717	390	5	5	0	0	45s	100	1	6588
r	730	390	5	5	0	0	45s	100	1	6586
r	750	390	5	5	0	0	45s	100	1	6587
r	766	389	5	5	0	0	45s	100	1	6588
r	779	387	5	5	0	0	45s	100	1	6586
r	800	387	5	5	0	0	45s	100	1	6587
r	830	376	5	5	0	0	45s	100	1	6588
r	702	428	5	5	0	0	45s	100	1	6586
r	715	413	5	5	0	0	45s	100	1	6587
r	719	401	5	5	0	0	45s	100	1	6588
r	796	374	5	5	0	0	45s	100	1	6586
r	827	374	5	5	0	0	45s	100	1	6587
r	852	376	5	5	0	0	45s	100	1	6588
r	870	376	5	5	0	0	45s	100	1	6586
r	883	377	5	5	0	0	45s	100	1	6587
r	906	382	5	5	0	0	45s	100	1	6588
r	935	409	5	5	0	0	45s	100	1	6586
r	935	417	5	5	0	0	45s	100	1	6587
r	932	434	5	5	0	0	45s	100	1	6588
r	932	462	5	5	0	0	45s	100	1	6586
r	934	478	5	5	0	0	45s	100	1	6587
r	932	488	5	5	0	0	45s	100	1	6588
r	918	492	5	5	0	0	45s	100	1	6586
r	903	498	5	5	0	0	45s	100	1	6587
r	886	504	5	5	0	0	45s	100	1	6588
r	878	507	5	5	0	0	45s	100	1	6586
r	869	511	5	5	0	0	45s	100	1	6587
r	849	525	5	5	0	0	45s	100	1	6588
r	849	550	5	5	0	0	45s	100	1	6586
r	852	550	5	5	0	0	45s	100	1	6587
r	870	557	5	5	0	0	45s	100	1	6588
r	918	574	5	5	0	0	45s	100	1	6586
r	931	573	5	5	0	0	45s	100	1	6587
r	941	553	5	5	0	0	45s	100	1	6588
r	936	519	5	5	0	0	45s	100	1	6586
r	931	519	5	5	0	0	45s	100	1	6587
r	915	530	5	5	0	0	45s	100	1	6588
r	912	544	5	5	0	0	45s	100	1	6586
r	910	551	5	5	0	0	45s	100	1	6587
r	892	559	5	5	0	0	45s	100	1	6588
r	874	555	5	5	0	0	45s	100	1	6586
r	866	545	5	5	0	0	45s	100	1	6587
r	859	539	5	5	0	0	45s	100	1	6588
r	860	537	5	5	0	0	45s	100	1	6586
r	889	536	5	5	0	0	45s	100	1	6587
r	896	530	5	5	0	0	45s	100	1	6588
r	911	512	5	5	0	0	45s	100	1	6586
r	912	511	5	5	0	0	45s	100	1	6587
r	896	525	5	5	0	0	45s	100	1	6588
r	886	537	5	5	0	0	45s	100	1	6586
r	872	530	5	5	0	0	45s	100	1	6587
r	902	515	5	5	0	0	45s	100	1	6588
r	908	523	5	5	0	0	45s	100	1	6586
r	899	548	5	5	0	0	45s	100	1	6587
r	938	517	5	5	0	0	45s	100	1	6588
r	926	488	5	5	0	0	45s	100	1	6586
r	934	440	5	5	0	0	45s	100	1	6587
r	933	427	5	5	0	0	45s	100	1	6588
r	920	420	5	5	0	0	45s	100	1	6586
r	919	403	5	5	0	0	45s	100	1	6587
r	925	383	5	5	0	0	45s	100	1	6588
r	926	363	5	5	0	0	45s	100	1	6586
r	923	346	5	5	0	0	45s	100	1	6587
r	922	318	5	5	0	0	45s	100	1	6588
r	926	296	5	5	0	0	45s	100	1	6586
r	926	280	5	5	0	0	45s	100	1	6587
r	926	276	5	5	0	0	45s	100	1	6588
r	910	313	5	5	0	0	45s	100	1	6586
r	918	332	5	5	0	0	45s	100	1	6587
r	920	357	5	5	0	0	45s	100	1	6588
r	918	373	5	5	0	0	45s	100	1	6586
r	913	380	5	5	0	0	45s	100	1	6587
r	900	379	5	5	0	0	45s	100	1	6588
r	879	375	5	5	0	0	45s	100	1	6586
r	849	377	5	5	0	0	45s	100	1	6587
r	833	380	5	5	0	0	45s	100	1	6588
r	912	316	5	5	0	0	45s	100	1	6586
r	912	288	5	5	0	0	45s	100	1	6587
r	913	275	5	5	0	0	45s	100	1	6588
r	917	262	5	5	0	0	45s	100	1	6586
r	927	240	5	5	0	0	45s	100	1	6587
r	934	225	5	5	0	0	45s	100	1	6588
r	936	212	5	5	0	0	45s	100	1	6586
r	936	198	5	5	0	0	45s	100	1	6587
r	931	188	5	5	0	0	45s	100	1	6588
r	925	178	5	5	0	0	45s	100	1	6586
r	921	171	5	5	0	0	45s	100	1	6587
r	920	152	5	5	0	0	45s	100	1	6588
r	923	135	5	5	0	0	45s	100	1	6586
r	920	122	5	5	0	0	45s	100	1	6587
r	913	114	5	5	0	0	45s	100	1	6588
r	909	120	5	5	0	0	45s	100	1	6586
r	905	141	5	5	0	0	45s	100	1	6587
r	909	170	5	5	0	0	45s	100	1	6588
r	911	176	5	5	0	0	45s	100	1	6586
r	901	163	5	5	0	0	45s	100	1	6587
r	895	146	5	5	0	0	45s	100	1	6588
r	898	130	5	5	0	0	45s	100	1	6586
r	904	111	5	5	0	0	45s	100	1	6587
r	896	97	5	5	0	0	45s	100	1	6588
r	878	95	5	5	0	0	45s	100	1	6586
r	860	97	5	5	0	0	45s	100	1	6587
r	839	102	5	5	0	0	45s	100	1	6588
r	820	102	5	5	0	0	45s	100	1	6586
r	798	102	5	5	0	0	45s	100	1	6587
r	775	102	5	5	0	0	45s	100	1	6588
r	765	103	5	5	0	0	45s	100	1	6586
r	751	107	5	5	0	0	45s	100	1	6587
r	741	109	5	5	0	0	45s	100	1	6588
r	727	111	5	5	0	0	45s	100	1	6586
r	715	111	5	5	0	0	45s	100	1	6587
r	699	111	5	5	0	0	45s	100	1	6588
r	670	113	5	5	0	0	45s	100	1	6586
r	656	113	5	5	0	0	45s	100	1	6587
r	646	113	5	5	0	0	45s	100	1	6588
r	628	111	5	5	0	0	45s	100	1	6586
r	603	108	5	5	0	0	45s	100	1	6587
r	570	108	5	5	0	0	45s	100	1	6588
r	557	109	5	5	0	0	45s	100	1	6586
r	551	110	5	5	0	0	45s	100	1	6587
r	541	119	5	5	0	0	45s	100	1	6588
r	528	128	5	5	0	0	45s	100	1	6586
r	503	131	5	5	0	0	45s	100	1	6587
r	483	129	5	5	0	0	45s	100	1	6588
r	479	122	5	5	0	0	45s	100	1	6586
r	474	115	5	5	0	0	45s	100	1	6587
r	485	108	5	5	0	0	45s	100	1	6588
r	500	108	5	5	0	0	45s	100	1	6586
r	513	117	5	5	0	0	45s	100	1	6587
r	524	122	5	5	0	0	45s	100	1	6588
r	528	129	5	5	0	0	45s	100	1	6586
r	519	151	5	5	0	0	45s	100	1	6587
r	513	169	5	5	0	0	45s	100	1	6588
r	518	185	5	5	0	0	45s	100	1	6586
r	529	192	5	5	0	0	45s	100	1	6587
r	533	187	5	5	0	0	45s	100	1	6588
r	527	153	5	5	0	0	45s	100	1	6586
r	523	146	5	5	0	0	45s	100	1	6587
r	517	195	5	5	0	0	45s	100	1	6588
r	513	210	5	5	0	0	45s	100	1	6586
r	504	242	5	5	0	0	45s	100	1	6587
r	508	245	5	5	0	0	45s	100	1	6588
r	530	246	5	5	0	0	45s	100	1	6586
r	549	258	5	5	0	0	45s	100	1	6587
r	535	225	5	5	0	0	45s	100	1	6588
r	533	220	5	5	0	0	45s	100	1	6586
r	530	199	5	5	0	0	45s	100	1	6587
r	528	201	5	5	0	0	45s	100	1	6588
r	530	238	5	5	0	0	45s	100	1	6586
r	505	226	5	5	0	0	45s	100	1	6587
r	500	212	5	5	0	0	45s	100	1	6588
r	499	216	5	5	0	0	45s	100	1	6586
r	537	244	5	5	0	0	45s	100	1	6587
r	566	258	5	5	0	0	45s	100	1	6588
r	589	263	5	5	0	0	45s	100	1	6586
r	610	263	5	5	0	0	45s	100	1	6587
r	628	261	5	5	0	0	45s	100	1	6588
r	653	256	5	5	0	0	45s	100	1	6586
r	679	244	5	5	0	0	45s	100	1	6587
r	701	236	5	5	0	0	45s	100	1	6588
r	717	227	5	5	0	0	45s	100	1	6586
r	733	218	5	5	0	0	45s	100	1	6587
r	751	211	5	5	0	0	45s	100	1	6588
r	775	200	5	5	0	0	45s	100	1	6586
r	797	188	5	5	0	0	45s	100	1	6587
r	800	185	5	5	0	0	45s	100	1	6588
r	785	185	5	5	0	0	45s	100	1	6586
r	756	189	5	5	0	0	45s	100	1	6587
r	742	190	5	5	0	0	45s	100	1	6588
r	727	188	5	5	0	0	45s	100	1	6586
r	712	188	5	5	0	0	45s	100	1	6587
r	696	189	5	5	0	0	45s	100	1	6588
r	660	195	5	5	0	0	45s	100	1	6586
r	636	199	5	5	0	0	45s	100	1	6587
r	622	201	5	5	0	0	45s	100	1	6588
r	604	201	5	5	0	0	45s	100	1	6586
r	607	194	5	5	0	0	45s	100	1	6587
r	618	189	5	5	0	0	45s	100	1	6588
r	648	189	5	5	0	0	45s	100	1	6586
r	663	188	5	5	0	0	45s	100	1	6587
r	676	186	5	5	0	0	45s	100	1	6588
r	708	181	5	5	0	0	45s	100	1	6586
r	740	178	5	5	0	0	45s	100	1	6587
r	762	175	5	5	0	0	45s	100	1	6588
r	771	176	5	5	0	0	45s	100	1	6586
r	787	186	5	5	0	0	45s	100	1	6587
r	803	196	5	5	0	0	45s	100	1	6588
r	811	205	5	5	0	0	45s	100	1	6586
r	817	241	5	5	0	0	45s	100	1	6587
r	823	278	5	5	0	0	45s	100	1	6588
r	818	291	5	5	0	0	45s	100	1	6586
r	805	303	5	5	0	0	45s	100	1	6587
r	796	311	5	5	0	0	45s	100	1	6588
r	786	319	5	5	0	0	45s	100	1	6586
r	776	324	5	5	0	0	45s	100	1	6587
r	748	325	5	5	0	0	45s	100	1	6588
r	737	282	5	5	0	0	45s	100	1	6586
r	776	243	5	5	0	0	45s	100	1	6587
r	779	235	5	5	0	0	45s	100	1	6588
r	789	214	5	5	0	0	45s	100	1	6586
r	794	212	5	5	0	0	45s	100	1	6587
r	801	239	5	5	0	0	45s	100	1	6588
r	800	258	5	5	0	0	45s	100	1	6586
r	780	288	5	5	0	0	45s	100	1	6587
r	758	305	5	5	0	0	45s	100	1	6588
r	777	303	5	5	0	0	45s	100	1	6586
r	803	283	5	5	0	0	45s	100	1	6587
r	810	266	5	5	0	0	45s	100	1	6588
r	806	226	5	5	0	0	45s	100	1	6586
r	801	205	5	5	0	0	45s	100	1	6587
r	790	250	5	5	0	0	45s	100	1	6588
r	787	264	5	5	0	0	45s	100	1	6586
r	773	279	5	5	0	0	45s	100	1	6587
r	768	256	5	5	0	0	45s	100	1	6588
r	764	227	5	5	0	0	45s	100	1	6586
r	752	239	5	5	0	0	45s	100	1	6587
r	750	261	5	5	0	0	45s	100	1	6588
r	757	288	5	5	0	0	45s	100	1	6586
r	744	299	5	5	0	0	45s	100	1	6587
r	717	322	5	5	0	0	45s	100	1	6588
r	709	326	5	5	0	0	45s	100	1	6586
r	746	312	5	5	0	0	45s	100	1	6587
r	758	294	5	5	0	0	45s	100	1	6588
r	746	271	5	5	0	0	45s	100	1	6586
r	736	270	5	5	0	0	45s	100	1	6587
r	720	265	5	5	0	0	45s	100	1	6588
r	709	259	5	5	0	0	45s	100	1	6586
r	745	237	5	5	0	0	45s	100	1	6587
r	745	237	5	5	0	0	45s	100	1	6588
r	745	230	5	5	0	0	45s	100	1	6586
r	744	228	5	5	0	0	45s	100	1	6587
r	725	246	5	5	0	0	45s	100	1	6588
r	766	233	5	5	0	0	45s	100	1	6586
r	775	232	5	5	0	0	45s	100	1	6587
r	777	257	5	5	0	0	45s	100	1	6588
r	775	274	5	5	0	0	45s	100	1	6586
r	785	281	5	5	0	0	45s	100	1	6587
r	797	255	5	5	0	0	45s	100	1	6588
r	789	236	5	5	0	0	45s	100	1	6586
r	780	218	5	5	0	0	45s	100	1	6587
r	760	216	5	5	0	0	45s	100	1	6588
r	741	234	5	5	0	0	45s	100	1	6586
r	741	237	5	5	0	0	45s	100	1	6587
r	724	247	5	5	0	0	45s	100	1	6588
r	685	257	5	5	0	0	45s	100	1	6586
r	664	263	5	5	0	0	45s	100	1	6587
r	651	288	5	5	0	0	45s	100	1	6588
r	674	305	5	5	0	0	45s	100	1	6586
r	671	313	5	5	0	0	45s	100	1	6587
r	658	313	5	5	0	0	45s	100	1	6588
r	649	298	5	5	0	0	45s	100	1	6586
r	646	277	5	5	0	0	45s	100	1	6587
r	644	276	5	5	0	0	45s	100	1	6588
r	639	275	5	5	0	0	45s	100	1	6586
r	617	279	5	5	0	0	45s	100	1	6587
r	611	282	5	5	0	0	45s	100	1	6588
r	628	291	5	5	0	0	45s	100	1	6586
r	651	304	5	5	0	0	45s	100	1	6587
r	663	316	5	5	0	0	45s	100	1	6588
r	671	327	5	5	0	0	45s	100	1	6586
r	680	340	5	5	0	0	45s	100	1	6587
r	686	352	5	5	0	0	45s	100	1	6588
r	694	367	5	5	0	0	45s	100	1	6586
r	696	391	5	5	0	0	45s	100	1	6587
r	679	531	5	5	0	0	45s	100	1	6588
r	698	499	5	5	0	0	45s	100	1	6586
r	701	486	5	5	0	0	45s	100	1	6587
r	701	479	5	5	0	0	45s	100	1	6588
r	701	453	5	5	0	0	45s	100	1	6586
r	699	428	5	5	0	0	45s	100	1	6587
r	694	414	5	5	0	0	45s	100	1	6588
r	689	402	5	5	0	0	45s	100	1	6586
r	683	389	5	5	0	0	45s	100	1	6587
r	682	384	5	5	0	0	45s	100	1	6588
r	680	366	5	5	0	0	45s	100	1	6586
r	678	362	5	5	0	0	45s	100	1	6587
r	674	358	5	5	0	0	45s	100	1	6588
r	669	351	5	5	0	0	45s	100	1	6586
r	664	345	5	5	0	0	45s	100	1	6587
r	653	333	5	5	0	0	45s	100	1	6588
r	627	310	5	5	0	0	45s	100	1	6586
r	666	337	5	5	0	0	45s	100	1	6587
r	653	322	5	5	0	0	45s	100	1	6588
r	636	318	5	5	0	0	45s	100	1	6586
r	634	310	5	5	0	0	45s	100	1	6587
r	638	297	5	5	0	0	45s	100	1	6588
r	639	291	5	5	0	0	45s	100	1	6586
r	632	270	5	5	0	0	45s	100	1	6587
r	630	267	5	5	0	0	45s	100	1	6588
r	664	258	5	5	0	0	45s	100	1	6586
r	632	281	5	5	0	0	45s	100	1	6587
r	608	282	5	5	0	0	45s	100	1	6588
r	605	263	5	5	0	0	45s	100	1	6586
r	601	261	5	5	0	0	45s	100	1	6587
r	579	271	5	5	0	0	45s	100	1	6588
r	576	274	5	5	0	0	45s	100	1	6586
r	555	276	5	5	0	0	45s	100	1	6587
r	555	266	5	5	0	0	45s	100	1	6588
r	545	258	5	5	0	0	45s	100	1	6586
r	527	261	5	5	0	0	45s	100	1	6587
r	519	262	5	5	0	0	45s	100	1	6588
r	508	260	5	5	0	0	45s	100	1	6586
r	498	256	5	5	0	0	45s	100	1	6587
r	478	264	5	5	0	0	45s	100	1	6588
r	460	269	5	5	0	0	45s	100	1	6586
r	457	270	5	5	0	0	45s	100	1	6587
r	505	254	5	5	0	0	45s	100	1	6588
r	482	254	5	5	0	0	45s	100	1	6586
r	450	256	5	5	0	0	45s	100	1	6587
r	442	255	5	5	0	0	45s	100	1	6588
r	416	262	5	5	0	0	45s	100	1	6586
r	412	267	5	5	0	0	45s	100	1	6587
r	412	276	5	5	0	0	45s	100	1	6588
r	483	257	5	5	0	0	45s	100	1	6586
r	507	248	5	5	0	0	45s	100	1	6587
r	539	238	5	5	0	0	45s	100	1	6588
r	547	235	5	5	0	0	45s	100	1	6586
r	545	235	5	5	0	0	45s	100	1	6587
r	490	254	5	5	0	0	45s	100	1	6588
r	480	257	5	5	0	0	45s	100	1	6586
r	473	259	5	5	0	0	45s	100	1	6587
r	458	263	5	5	0	0	45s	100	1	6588
r	435	270	5	5	0	0	45s	100	1	6586
r	430	275	5	5	0	0	45s	100	1	6587
r	488	244	5	5	0	0	45s	100	1	6588
r	500	236	5	5	0	0	45s	100	1	6586
r	517	226	5	5	0	0	45s	100	1	6587
r	531	218	5	5	0	0	45s	100	1	6588
r	534	194	5	5	0	0	45s	100	1	6586
r	529	161	5	5	0	0	45s	100	1	6587
r	528	137	5	5	0	0	45s	100	1	6588
r	509	112	5	5	0	0	45s	100	1	6586
r	500	112	5	5	0	0	45s	100	1	6587
r	492	127	5	5	0	0	45s	100	1	6588
r	490	224	5	5	0	0	45s	100	1	6586
r	488	245	5	5	0	0	45s	100	1	6587
r	445	265	5	5	0	0	45s	100	1	6588
r	421	272	5	5	0	0	45s	100	1	6586
r	407	278	5	5	0	0	45s	100	1	6587
r	392	302	5	5	0	0	45s	100	1	6588
r	385	313	5	5	0	0	45s	100	1	6586
r	377	317	5	5	0	0	45s	100	1	6587
r	362	317	5	5	0	0	45s	100	1	6588
r	346	319	5	5	0	0	45s	100	1	6586
r	330	321	5	5	0	0	45s	100	1	6587
r	325	325	5	5	0	0	45s	100	1	6588
r	309	310	5	5	0	0	45s	100	1	6586
r	293	301	5	5	0	0	45s	100	1	6587
r	273	293	5	5	0	0	45s	100	1	6588
r	264	302	5	5	0	0	45s	100	1	6586
r	299	312	5	5	0	0	45s	100	1	6587
r	335	329	5	5	0	0	45s	100	1	6588
r	350	336	5	5	0	0	45s	100	1	6586
r	397	301	5	5	0	0	45s	100	1	6587
r	415	284	5	5	0	0	45s	100	1	6588
r	418	282	5	5	0	0	45s	100	1	6586
r	396	302	5	5	0	0	45s	100	1	6587
r	391	313	5	5	0	0	45s	100	1	6588
r	384	335	5	5	0	0	45s	100	1	6586
r	366	353	5	5	0	0	45s	100	1	6587
r	383	332	5	5	0	0	45s	100	1	6588
r	386	330	5	5	0	0	45s	100	1	6586
r	378	340	5	5	0	0	45s	100	1	6587
r	375	349	5	5	0	0	45s	100	1	6588
r	379	366	5	5	0	0	45s	100	1	6586
r	388	377	5	5	0	0	45s	100	1	6587
r	393	381	5	5	0	0	45s	100	1	6588
r	400	391	5	5	0	0	45s	100	1	6586
r	408	406	5	5	0	0	45s	100	1	6587
r	414	425	5	5	0	0	45s	100	1	6588
r	422	428	5	5	0	0	45s	100	1	6586
r	432	428	5	5	0	0	45s	100	1	6587
r	437	435	5	5	0	0	45s	100	1	6588
r	448	447	5	5	0	0	45s	100	1	6586
r	460	454	5	5	0	0	45s	100	1	6587
r	471	460	5	5	0	0	45s	100	1	6588
r	440	462	5	5	0	0	45s	100	1	6586
r	436	462	5	5	0	0	45s	100	1	6587
r	430	479	5	5	0	0	45s	100	1	6588
r	411	472	5	5	0	0	45s	100	1	6586
r	436	456	5	5	0	0	45s	100	1	6587
r	425	433	5	5	0	0	45s	100	1	6588
r	419	423	5	5	0	0	45s	100	1	6586
r	410	414	5	5	0	0	45s	100	1	6587
r	393	410	5	5	0	0	45s	100	1	6588
r	389	404	5	5	0	0	45s	100	1	6586
r	391	374	5	5	0	0	45s	100	1	6587
r	388	363	5	5	0	0	45s	100	1	6588
