r	489	435	10	10	0	0	20s	100	1	101
r	480	468	10	10	0	0	20s	100	1	101
r	478	448	10	10	0	0	20s	100	1	101
r	472	489	10	10	0	0	20s	100	1	101
r	458	529	10	10	0	0	20s	100	1	101
r	454	546	10	10	0	0	20s	100	1	101
r	427	585	10	10	0	0	20s	100	1	101
r	405	606	10	10	0	0	20s	100	1	101
r	424	620	10	10	0	0	20s	100	1	101
r	420	603	10	10	0	0	20s	100	1	101
r	431	560	10	10	0	0	20s	100	1	101
r	433	534	10	10	0	0	20s	100	1	101
r	445	490	10	10	0	0	20s	100	1	101
r	454	463	10	10	0	0	20s	100	1	101
r	449	434	10	10	0	0	20s	100	1	101
r	466	423	10	10	0	0	20s	100	1	101
r	450	405	10	10	0	0	20s	100	1	101
r	431	418	10	10	0	0	20s	100	1	101
r	441	385	10	10	0	0	20s	100	1	101
r	473	369	10	10	0	0	20s	100	1	101
r	455	379	10	10	0	0	20s	100	1	101
r	503	376	10	10	0	0	20s	100	1	101
r	494	411	10	10	0	0	20s	100	1	101
r	466	811	10	10	0	0	20s	100	1	101
r	496	831	10	10	0	0	20s	100	1	101
r	464	831	10	10	0	0	20s	100	1	101
r	494	872	10	10	0	0	20s	100	1	101
r	525	874	10	10	0	0	20s	100	1	101
r	528	894	10	10	0	0	20s	100	1	101
r	510	905	10	10	0	0	20s	100	1	101
r	481	894	10	10	0	0	20s	100	1	101
r	535	909	10	10	0	0	20s	100	1	101
r	532	737	10	10	0	0	20s	100	1	101
r	509	769	10	10	0	0	20s	100	1	101
r	413	757	10	10	0	0	20s	100	1	101
r	371	713	10	10	0	0	20s	100	1	101
r	457	665	10	10	0	0	20s	100	1	101
r	358	733	10	10	0	0	20s	100	1	101
r	550	788	10	10	0	0	20s	100	1	101
r	562	877	10	10	0	0	20s	100	1	101
r	597	923	10	10	0	0	20s	100	1	101
r	398	775	10	10	0	0	20s	100	1	102
r	493	760	10	10	0	0	20s	100	1	102
r	514	782	10	10	0	0	20s	100	1	102
r	515	750	10	10	0	0	20s	100	1	102
r	549	746	10	10	0	0	20s	100	1	102
r	576	925	10	10	0	0	20s	100	1	102
r	616	902	10	10	0	0	20s	100	1	102
r	588	877	10	10	0	0	20s	100	1	102
r	565	830	10	10	0	0	20s	100	1	102
r	555	805	10	10	0	0	20s	100	1	102
r	412	627	10	10	0	0	20s	100	1	102
r	452	572	10	10	0	0	20s	100	1	102
r	423	574	10	10	0	0	20s	100	1	102
r	454	557	10	10	0	0	20s	100	1	102
r	449	473	10	10	0	0	20s	100	1	102
r	441	428	10	10	0	0	20s	100	1	102
r	499	420	10	10	0	0	20s	100	1	102
r	465	402	10	10	0	0	20s	100	1	102
r	493	375	10	10	0	0	20s	100	1	102
r	436	392	10	10	0	0	20s	100	1	102
r	535	884	10	10	0	0	20s	100	1	102
r	567	891	10	10	0	0	20s	100	1	102
r	588	916	10	10	0	0	20s	100	1	102
r	602	937	10	10	0	0	20s	100	1	102
r	622	949	10	10	0	0	20s	100	1	102
r	595	948	10	10	0	0	20s	100	1	102
r	566	978	10	10	0	0	20s	100	1	102
r	554	994	10	10	0	0	20s	100	1	102
r	587	984	10	10	0	0	20s	100	1	102
r	544	989	10	10	0	0	20s	100	1	102
r	524	1008	10	10	0	0	20s	100	1	102
r	542	1013	10	10	0	0	20s	100	1	102
r	478	982	10	10	0	0	20s	100	1	102
r	462	960	10	10	0	0	20s	100	1	102
r	466	947	10	10	0	0	20s	100	1	102
r	496	941	10	10	0	0	20s	100	1	102
r	478	956	10	10	0	0	20s	100	1	102
r	533	1039	10	10	0	0	20s	100	1	102
r	563	1036	10	10	0	0	20s	100	1	102
r	554	1038	10	10	0	0	20s	100	1	102
r	626	1015	10	10	0	0	20s	100	1	102
r	646	1033	10	10	0	0	20s	100	1	102
r	621	1063	10	10	0	0	20s	100	1	102
r	614	1091	10	10	0	0	20s	100	1	102
r	588	1103	10	10	0	0	20s	100	1	102
r	675	1087	10	10	0	0	20s	100	1	102
r	691	1077	10	10	0	0	20s	100	1	102
r	721	953	10	10	0	0	20s	100	1	102
r	718	924	10	10	0	0	20s	100	1	102
r	702	890	10	10	0	0	20s	100	1	102
r	698	849	10	10	0	0	20s	100	1	102
r	777	844	10	10	0	0	20s	100	1	102
r	788	865	10	10	0	0	20s	100	1	102
r	812	845	10	10	0	0	20s	100	1	102
r	793	825	10	10	0	0	20s	100	1	102
r	762	819	10	10	0	0	20s	100	1	102
r	842	813	10	10	0	0	20s	100	1	102
r	894	841	10	10	0	0	20s	100	1	102
r	856	831	10	10	0	0	20s	100	1	102
r	875	813	10	10	0	0	20s	100	1	102
r	848	781	10	10	0	0	20s	100	1	102
r	869	777	10	10	0	0	20s	100	1	102
r	896	817	10	10	0	0	20s	100	1	102
r	863	838	10	10	0	0	20s	100	1	102
r	880	890	10	10	0	0	20s	100	1	102
r	895	874	10	10	0	0	20s	100	1	102
r	868	852	10	10	0	0	20s	100	1	102
r	828	777	10	10	0	0	20s	100	1	102
r	392	843	10	10	0	0	20s	100	1	102
r	340	861	10	10	0	0	20s	100	1	102
r	350	900	10	10	0	0	20s	100	1	102
r	334	911	10	10	0	0	20s	100	1	102
r	344	927	10	10	0	0	20s	100	1	102
r	340	951	10	10	0	0	20s	100	1	102
r	330	965	10	10	0	0	20s	100	1	102
r	376	734	10	10	0	0	20s	100	1	102
r	348	720	10	10	0	0	20s	100	1	102
r	344	790	10	10	0	0	20s	100	1	102
r	355	806	10	10	0	0	20s	100	1	102
r	391	788	10	10	0	0	20s	100	1	102
r	399	750	10	10	0	0	20s	100	1	102
r	508	236	10	10	0	0	20s	100	1	102
r	541	221	10	10	0	0	20s	100	1	102
r	495	205	10	10	0	0	20s	100	1	102
r	521	174	10	10	0	0	20s	100	1	102
r	537	147	10	10	0	0	20s	100	1	102
r	571	122	10	10	0	0	20s	100	1	102
r	602	105	10	10	0	0	20s	100	1	102
r	658	92	10	10	0	0	20s	100	1	102
r	707	96	10	10	0	0	20s	100	1	102
r	755	100	10	10	0	0	20s	100	1	102
r	797	96	10	10	0	0	20s	100	1	102
r	852	110	10	10	0	0	20s	100	1	102
r	840	162	10	10	0	0	20s	100	1	102
r	855	177	10	10	0	0	20s	100	1	102
r	916	209	10	10	0	0	20s	100	1	102
r	941	223	10	10	0	0	20s	100	1	102
r	957	226	10	10	0	0	20s	100	1	102
r	923	255	10	10	0	0	20s	100	1	102
r	878	255	10	10	0	0	20s	100	1	102
r	890	265	10	10	0	0	20s	100	1	102
r	813	266	10	10	0	0	20s	100	1	102
r	738	263	10	10	0	0	20s	100	1	102
r	740	229	10	10	0	0	20s	100	1	102
r	707	267	10	10	0	0	20s	100	1	102
r	786	247	10	10	0	0	20s	100	1	102
r	922	326	10	10	0	0	20s	100	1	102
r	914	350	10	10	0	0	20s	100	1	102
r	881	332	10	10	0	0	20s	100	1	102
r	870	362	10	10	0	0	20s	100	1	102
r	829	405	10	10	0	0	20s	100	1	102
r	849	452	10	10	0	0	20s	100	1	102
r	932	953	10	10	0	0	20s	100	1	102
r	906	982	10	10	0	0	20s	100	1	102
r	936	981	10	10	0	0	20s	100	1	102
r	878	1010	10	10	0	0	20s	100	1	102
r	902	1022	10	10	0	0	20s	100	1	102
r	554	1116	10	10	0	0	20s	100	1	102
r	513	1112	10	10	0	0	20s	100	1	102
r	466	1090	10	10	0	0	20s	100	1	102
r	424	1059	10	10	0	0	20s	100	1	102
r	404	799	10	10	0	0	20s	100	1	102
r	415	659	10	10	0	0	20s	100	1	102
r	319	525	10	10	0	0	20s	100	1	102
r	302	545	10	10	0	0	20s	100	1	102
r	316	545	10	10	0	0	20s	100	1	102
r	274	541	10	10	0	0	20s	100	1	102
r	318	465	10	10	0	0	20s	100	1	102
r	290	453	10	10	0	0	20s	100	1	102
r	299	428	10	10	0	0	20s	100	1	102
r	310	412	10	10	0	0	20s	100	1	102
r	278	401	10	10	0	0	20s	100	1	102
r	242	473	10	10	0	0	20s	100	1	102
r	262	501	10	10	0	0	20s	100	1	102
r	221	503	10	10	0	0	20s	100	1	102
r	205	481	10	10	0	0	20s	100	1	102
r	199	562	10	10	0	0	20s	100	1	102
r	205	545	10	10	0	0	20s	100	1	102
r	179	627	10	10	0	0	20s	100	1	102
r	186	662	10	10	0	0	20s	100	1	102
r	269	350	10	10	0	0	20s	100	1	102
r	315	321	10	10	0	0	20s	100	1	102
r	259	313	10	10	0	0	20s	100	1	102
r	234	260	10	10	0	0	20s	100	1	102
r	293	231	10	10	0	0	20s	100	1	102
r	376	227	10	10	0	0	20s	100	1	102
r	448	235	10	10	0	0	20s	100	1	102
r	391	187	10	10	0	0	20s	100	1	102
r	410	189	10	10	0	0	20s	100	1	102
r	459	173	10	10	0	0	20s	100	1	102
r	317	439	10	10	0	0	20s	100	1	103
r	297	436	10	10	0	0	20s	100	1	103
r	277	421	10	10	0	0	20s	100	1	103
r	302	389	10	10	0	0	20s	100	1	103
r	264	361	10	10	0	0	20s	100	1	103
r	258	377	10	10	0	0	20s	100	1	103
r	299	343	10	10	0	0	20s	100	1	103
r	319	361	10	10	0	0	20s	100	1	103
r	339	320	10	10	0	0	20s	100	1	103
r	343	278	10	10	0	0	20s	100	1	103
r	319	283	10	10	0	0	20s	100	1	103
r	363	292	10	10	0	0	20s	100	1	103
r	376	260	10	10	0	0	20s	100	1	103
r	347	251	10	10	0	0	20s	100	1	103
r	323	210	10	10	0	0	20s	100	1	103
r	348	215	10	10	0	0	20s	100	1	103
r	410	230	10	10	0	0	20s	100	1	103
r	428	233	10	10	0	0	20s	100	1	103
r	478	197	10	10	0	0	20s	100	1	103
r	528	237	10	10	0	0	20s	100	1	103
r	507	150	10	10	0	0	20s	100	1	103
r	534	155	10	10	0	0	20s	100	1	103
r	546	111	10	10	0	0	20s	100	1	103
r	570	105	10	10	0	0	20s	100	1	103
r	609	96	10	10	0	0	20s	100	1	103
r	654	93	10	10	0	0	20s	100	1	103
r	642	109	10	10	0	0	20s	100	1	103
r	623	139	10	10	0	0	20s	100	1	103
r	583	165	10	10	0	0	20s	100	1	103
r	569	180	10	10	0	0	20s	100	1	103
r	559	201	10	10	0	0	20s	100	1	103
r	815	188	10	10	0	0	20s	100	1	103
r	923	237	10	10	0	0	20s	100	1	103
r	810	409	10	10	0	0	20s	100	1	103
r	812	425	10	10	0	0	20s	100	1	103
r	890	389	10	10	0	0	20s	100	1	103
r	907	359	10	10	0	0	20s	100	1	103
r	900	861	10	10	0	0	20s	100	1	103
r	935	871	10	10	0	0	20s	100	1	103
r	936	916	10	10	0	0	20s	100	1	103
r	892	995	10	10	0	0	20s	100	1	103
r	930	995	10	10	0	0	20s	100	1	103
r	872	910	10	10	0	0	20s	100	1	103
r	849	880	10	10	0	0	20s	100	1	103
r	803	858	10	10	0	0	20s	100	1	103
r	787	837	10	10	0	0	20s	100	1	103
r	603	1106	10	10	0	0	20s	100	1	103
r	565	1124	10	10	0	0	20s	100	1	103
r	521	1117	10	10	0	0	20s	100	1	103
r	465	1099	10	10	0	0	20s	100	1	103
r	492	1103	10	10	0	0	20s	100	1	103
r	434	966	10	10	0	0	20s	100	1	103
r	455	946	10	10	0	0	20s	100	1	103
r	480	833	10	10	0	0	20s	100	1	103
r	361	749	10	10	0	0	20s	100	1	103
r	177	666	10	10	0	0	20s	100	1	103
r	175	644	10	10	0	0	20s	100	1	103
r	182	446	10	10	0	0	20s	100	1	103
r	225	447	10	10	0	0	20s	100	1	103
r	201	446	10	10	0	0	20s	100	1	103
r	230	346	10	10	0	0	20s	100	1	103
r	176	392	10	10	0	0	20s	100	1	103
r	168	286	10	10	0	0	20s	100	1	103
r	176	240	10	10	0	0	20s	100	1	103
r	200	216	10	10	0	0	20s	100	1	103
r	168	209	10	10	0	0	20s	100	1	103
r	267	164	10	10	0	0	20s	100	1	103
r	307	162	10	10	0	0	20s	100	1	103
r	293	134	10	10	0	0	20s	100	1	103
r	321	119	10	10	0	0	20s	100	1	103
r	238	114	10	10	0	0	20s	100	1	103
r	200	136	10	10	0	0	20s	100	1	103
r	265	110	10	10	0	0	20s	100	1	103
r	238	147	10	10	0	0	20s	100	1	103
r	444	159	10	10	0	0	20s	100	1	103
r	253	983	10	10	0	0	20s	100	1	103
r	279	1047	10	10	0	0	20s	100	1	103
r	284	1090	10	10	0	0	20s	100	1	103
r	274	1127	10	10	0	0	20s	100	1	103
r	303	1144	10	10	0	0	20s	100	1	103
r	337	1129	10	10	0	0	20s	100	1	103
r	273	1066	10	10	0	0	20s	100	1	103
r	249	1023	10	10	0	0	20s	100	1	103
r	196	404	10	10	0	0	20s	100	1	103
r	233	309	10	10	0	0	20s	100	1	103
r	522	912	10	10	0	0	20s	100	1	103
r	484	814	10	10	0	0	20s	100	1	103
r	533	747	10	10	0	0	20s	100	1	103
r	268	261	10	10	0	0	20s	100	1	103
r	289	169	10	10	0	0	20s	100	1	103
r	355	956	10	10	0	0	20s	100	1	103
r	391	967	10	10	0	0	20s	100	1	103
r	394	985	10	10	0	0	20s	100	1	103
r	410	1007	10	10	0	0	20s	100	1	103
r	447	1044	10	10	0	0	20s	100	1	103
r	465	1054	10	10	0	0	20s	100	1	103
r	723	1112	10	10	0	0	20s	100	1	103
r	703	1085	10	10	0	0	20s	100	1	103
r	655	794	10	10	0	0	20s	100	1	103
r	609	778	10	10	0	0	20s	100	1	103
r	584	751	10	10	0	0	20s	100	1	103
r	551	725	10	10	0	0	20s	100	1	103
r	598	805	10	10	0	0	20s	100	1	103
r	640	848	10	10	0	0	20s	100	1	103
r	665	848	10	10	0	0	20s	100	1	103
r	288	368	10	10	0	0	20s	100	1	104
r	290	320	10	10	0	0	20s	100	1	104
r	250	329	10	10	0	0	20s	100	1	104
r	304	364	10	10	0	0	20s	100	1	104
r	331	300	10	10	0	0	20s	100	1	104
r	359	269	10	10	0	0	20s	100	1	104
r	466	240	10	10	0	0	20s	100	1	104
r	549	232	10	10	0	0	20s	100	1	104
r	454	199	10	10	0	0	20s	100	1	104
r	467	169	10	10	0	0	20s	100	1	104
r	458	153	10	10	0	0	20s	100	1	104
r	409	164	10	10	0	0	20s	100	1	104
r	376	171	10	10	0	0	20s	100	1	104
r	323	145	10	10	0	0	20s	100	1	104
r	280	126	10	10	0	0	20s	100	1	104
r	308	109	10	10	0	0	20s	100	1	104
r	290	95	10	10	0	0	20s	100	1	104
r	255	130	10	10	0	0	20s	100	1	104
r	276	148	10	10	0	0	20s	100	1	104
r	248	166	10	10	0	0	20s	100	1	104
r	226	146	10	10	0	0	20s	100	1	104
r	207	120	10	10	0	0	20s	100	1	104
r	215	91	10	10	0	0	20s	100	1	104
r	174	185	10	10	0	0	20s	100	1	104
r	180	208	10	10	0	0	20s	100	1	104
r	139	237	10	10	0	0	20s	100	1	104
r	158	256	10	10	0	0	20s	100	1	104
r	157	301	10	10	0	0	20s	100	1	104
r	147	329	10	10	0	0	20s	100	1	104
r	161	311	10	10	0	0	20s	100	1	104
r	178	351	10	10	0	0	20s	100	1	104
r	192	376	10	10	0	0	20s	100	1	104
r	168	368	10	10	0	0	20s	100	1	104
r	162	429	10	10	0	0	20s	100	1	104
r	199	422	10	10	0	0	20s	100	1	104
r	217	418	10	10	0	0	20s	100	1	104
r	218	470	10	10	0	0	20s	100	1	104
r	188	490	10	10	0	0	20s	100	1	104
r	243	491	10	10	0	0	20s	100	1	104
r	280	550	10	10	0	0	20s	100	1	104
r	543	953	10	10	0	0	20s	100	1	104
r	523	946	10	10	0	0	20s	100	1	104
r	590	1111	10	10	0	0	20s	100	1	104
r	403	1041	10	10	0	0	20s	100	1	104
r	782	788	10	10	0	0	20s	100	1	104
r	805	795	10	10	0	0	20s	100	1	104
r	822	751	10	10	0	0	20s	100	1	104
r	783	735	10	10	0	0	20s	100	1	104
r	669	808	10	10	0	0	20s	100	1	104
r	740	292	10	10	0	0	20s	100	1	104
r	702	282	10	10	0	0	20s	100	1	104
r	720	274	10	10	0	0	20s	100	1	104
r	719	243	10	10	0	0	20s	100	1	104
r	839	221	10	10	0	0	20s	100	1	104
r	873	215	10	10	0	0	20s	100	1	104
r	861	196	10	10	0	0	20s	100	1	104
r	939	202	10	10	0	0	20s	100	1	104
r	947	244	10	10	0	0	20s	100	1	104
r	977	249	10	10	0	0	20s	100	1	104
r	956	266	10	10	0	0	20s	100	1	104
r	929	286	10	10	0	0	20s	100	1	104
r	917	301	10	10	0	0	20s	100	1	104
r	864	345	10	10	0	0	20s	100	1	104
r	833	146	10	10	0	0	20s	100	1	104
r	817	137	10	10	0	0	20s	100	1	104
r	814	102	10	10	0	0	20s	100	1	104
r	776	95	10	10	0	0	20s	100	1	104
r	751	84	10	10	0	0	20s	100	1	104
r	735	100	10	10	0	0	20s	100	1	104
r	723	80	10	10	0	0	20s	100	1	104
r	698	94	10	10	0	0	20s	100	1	104
r	681	100	10	10	0	0	20s	100	1	104
r	636	73	10	10	0	0	20s	100	1	104
r	578	75	10	10	0	0	20s	100	1	104
r	605	64	10	10	0	0	20s	100	1	104
r	589	45	10	10	0	0	20s	100	1	104
r	610	48	10	10	0	0	20s	100	1	104
r	398	167	10	10	0	0	20s	100	1	104
r	366	182	10	10	0	0	20s	100	1	104
r	417	242	10	10	0	0	20s	100	1	104
r	141	682	10	10	0	0	20s	100	1	104
r	149	696	10	10	0	0	20s	100	1	104
r	132	714	10	10	0	0	20s	100	1	104
r	154	727	10	10	0	0	20s	100	1	104
r	192	771	10	10	0	0	20s	100	1	104
r	210	789	10	10	0	0	20s	100	1	104
r	137	751	10	10	0	0	20s	100	1	104
r	151	652	10	10	0	0	20s	100	1	104
r	154	617	10	10	0	0	20s	100	1	104
r	143	790	10	10	0	0	20s	100	1	104
r	167	779	10	10	0	0	20s	100	1	104
r	147	805	10	10	0	0	20s	100	1	104
r	149	828	10	10	0	0	20s	100	1	104
r	134	816	10	10	0	0	20s	100	1	104
r	135	842	10	10	0	0	20s	100	1	104
r	147	841	10	10	0	0	20s	100	1	104
r	180	843	10	10	0	0	20s	100	1	104
r	209	862	10	10	0	0	20s	100	1	104
r	193	862	10	10	0	0	20s	100	1	104
r	205	830	10	10	0	0	20s	100	1	104
r	180	818	10	10	0	0	20s	100	1	104
r	204	812	10	10	0	0	20s	100	1	104
r	466	867	10	10	0	0	20s	100	1	105
r	476	871	10	10	0	0	20s	100	1	105
r	495	884	10	10	0	0	20s	100	1	105
r	507	874	10	10	0	0	20s	100	1	105
r	521	872	10	10	0	0	20s	100	1	105
r	521	889	10	10	0	0	20s	100	1	105
r	539	886	10	10	0	0	20s	100	1	105
r	532	898	10	10	0	0	20s	100	1	105
r	503	905	10	10	0	0	20s	100	1	105
r	488	906	10	10	0	0	20s	100	1	105
r	470	941	10	10	0	0	20s	100	1	105
r	484	955	10	10	0	0	20s	100	1	105
r	456	973	10	10	0	0	20s	100	1	105
r	454	948	10	10	0	0	20s	100	1	105
r	472	967	10	10	0	0	20s	100	1	105
r	542	1007	10	10	0	0	20s	100	1	105
r	565	988	10	10	0	0	20s	100	1	105
r	600	946	10	10	0	0	20s	100	1	105
r	586	937	10	10	0	0	20s	100	1	105
r	590	922	10	10	0	0	20s	100	1	105
r	572	908	10	10	0	0	20s	100	1	105
r	595	888	10	10	0	0	20s	100	1	105
r	575	872	10	10	0	0	20s	100	1	105
r	566	844	10	10	0	0	20s	100	1	105
r	553	823	10	10	0	0	20s	100	1	105
r	533	758	10	10	0	0	20s	100	1	105
r	531	730	10	10	0	0	20s	100	1	105
r	523	731	10	10	0	0	20s	100	1	105
r	513	758	10	10	0	0	20s	100	1	105
r	494	768	10	10	0	0	20s	100	1	105
r	509	787	10	10	0	0	20s	100	1	105
r	525	788	10	10	0	0	20s	100	1	105
r	510	772	10	10	0	0	20s	100	1	105
r	367	769	10	10	0	0	20s	100	1	105
r	350	733	10	10	0	0	20s	100	1	105
r	361	727	10	10	0	0	20s	100	1	105
r	375	717	10	10	0	0	20s	100	1	105
r	409	757	10	10	0	0	20s	100	1	105
r	410	774	10	10	0	0	20s	100	1	105
r	400	783	10	10	0	0	20s	100	1	105
r	398	801	10	10	0	0	20s	100	1	105
r	396	845	10	10	0	0	20s	100	1	105
r	386	850	10	10	0	0	20s	100	1	105
r	363	841	10	10	0	0	20s	100	1	105
r	359	828	10	10	0	0	20s	100	1	105
r	373	828	10	10	0	0	20s	100	1	105
r	356	812	10	10	0	0	20s	100	1	105
r	344	792	10	10	0	0	20s	100	1	105
r	342	858	10	10	0	0	20s	100	1	105
r	341	871	10	10	0	0	20s	100	1	105
r	352	904	10	10	0	0	20s	100	1	105
r	342	917	10	10	0	0	20s	100	1	105
r	330	917	10	10	0	0	20s	100	1	105
r	359	943	10	10	0	0	20s	100	1	105
r	337	950	10	10	0	0	20s	100	1	105
r	323	942	10	10	0	0	20s	100	1	105
r	337	964	10	10	0	0	20s	100	1	105
r	344	969	10	10	0	0	20s	100	1	105
r	450	1046	10	10	0	0	20s	100	1	105
r	465	1049	10	10	0	0	20s	100	1	105
r	416	1052	10	10	0	0	20s	100	1	105
r	447	1070	10	10	0	0	20s	100	1	105
r	475	1106	10	10	0	0	20s	100	1	105
r	501	1106	10	10	0	0	20s	100	1	105
r	523	1110	10	10	0	0	20s	100	1	105
r	537	1118	10	10	0	0	20s	100	1	105
r	552	1116	10	10	0	0	20s	100	1	105
r	578	1114	10	10	0	0	20s	100	1	105
r	606	1103	10	10	0	0	20s	100	1	105
r	614	1093	10	10	0	0	20s	100	1	105
r	627	1068	10	10	0	0	20s	100	1	105
r	657	1057	10	10	0	0	20s	100	1	105
r	669	1065	10	10	0	0	20s	100	1	105
r	671	1076	10	10	0	0	20s	100	1	105
r	693	1091	10	10	0	0	20s	100	1	105
r	707	1091	10	10	0	0	20s	100	1	105
r	720	1094	10	10	0	0	20s	100	1	105
r	718	933	10	10	0	0	20s	100	1	105
r	707	905	10	10	0	0	20s	100	1	105
r	698	891	10	10	0	0	20s	100	1	105
r	691	882	10	10	0	0	20s	100	1	105
r	654	842	10	10	0	0	20s	100	1	105
r	661	809	10	10	0	0	20s	100	1	105
r	647	786	10	10	0	0	20s	100	1	105
r	470	475	10	10	0	0	20s	100	1	105
r	487	446	10	10	0	0	20s	100	1	105
r	482	429	10	10	0	0	20s	100	1	105
r	486	406	10	10	0	0	20s	100	1	105
r	492	376	10	10	0	0	20s	100	1	105
r	465	376	10	10	0	0	20s	100	1	105
r	456	393	10	10	0	0	20s	100	1	105
r	454	412	10	10	0	0	20s	100	1	105
r	455	420	10	10	0	0	20s	100	1	105
r	442	407	10	10	0	0	20s	100	1	105
r	441	426	10	10	0	0	20s	100	1	105
r	442	437	10	10	0	0	20s	100	1	105
r	449	483	10	10	0	0	20s	100	1	105
r	439	547	10	10	0	0	20s	100	1	105
r	432	570	10	10	0	0	20s	100	1	105
r	422	604	10	10	0	0	20s	100	1	105
r	411	625	10	10	0	0	20s	100	1	105
r	285	551	10	10	0	0	20s	100	1	105
r	247	539	10	10	0	0	20s	100	1	105
r	241	532	10	10	0	0	20s	100	1	105
r	244	514	10	10	0	0	20s	100	1	105
r	258	476	10	10	0	0	20s	100	1	105
r	241	463	10	10	0	0	20s	100	1	105
r	228	450	10	10	0	0	20s	100	1	105
r	195	464	10	10	0	0	20s	100	1	105
r	174	424	10	10	0	0	20s	100	1	105
r	212	416	10	10	0	0	20s	100	1	105
r	166	361	10	10	0	0	20s	100	1	105
r	176	372	10	10	0	0	20s	100	1	105
r	190	422	10	10	0	0	20s	100	1	105
r	183	431	10	10	0	0	20s	100	1	105
r	175	412	10	10	0	0	20s	100	1	105
r	229	321	10	10	0	0	20s	100	1	105
r	214	305	10	10	0	0	20s	100	1	105
r	270	350	10	10	0	0	20s	100	1	105
r	299	407	10	10	0	0	20s	100	1	105
r	311	411	10	10	0	0	20s	100	1	105
r	345	335	10	10	0	0	20s	100	1	105
r	325	312	10	10	0	0	20s	100	1	105
r	380	288	10	10	0	0	20s	100	1	105
r	292	333	10	10	0	0	20s	100	1	105
r	310	328	10	10	0	0	20s	100	1	105
r	319	314	10	10	0	0	20s	100	1	105
r	310	240	10	10	0	0	20s	100	1	105
r	274	239	10	10	0	0	20s	100	1	105
r	262	249	10	10	0	0	20s	100	1	105
r	223	261	10	10	0	0	20s	100	1	105
r	345	221	10	10	0	0	20s	100	1	105
r	422	230	10	10	0	0	20s	100	1	105
r	438	240	10	10	0	0	20s	100	1	105
r	464	240	10	10	0	0	20s	100	1	105
r	466	240	10	10	0	0	20s	100	1	105
r	527	233	10	10	0	0	20s	100	1	105
r	539	227	10	10	0	0	20s	100	1	105
r	461	205	10	10	0	0	20s	100	1	105
r	456	172	10	10	0	0	20s	100	1	105
r	454	163	10	10	0	0	20s	100	1	105
r	478	171	10	10	0	0	20s	100	1	105
r	458	198	10	10	0	0	20s	100	1	105
r	455	200	10	10	0	0	20s	100	1	105
r	353	192	10	10	0	0	20s	100	1	105
r	392	186	10	10	0	0	20s	100	1	105
r	403	165	10	10	0	0	20s	100	1	105
r	378	173	10	10	0	0	20s	100	1	105
r	373	177	10	10	0	0	20s	100	1	105
r	289	152	10	10	0	0	20s	100	1	105
r	249	152	10	10	0	0	20s	100	1	105
r	255	127	10	10	0	0	20s	100	1	105
r	296	99	10	10	0	0	20s	100	1	105
r	211	142	10	10	0	0	20s	100	1	105
r	202	128	10	10	0	0	20s	100	1	105
r	241	121	10	10	0	0	20s	100	1	105
r	278	150	10	10	0	0	20s	100	1	105
r	230	115	10	10	0	0	20s	100	1	105
r	203	227	10	10	0	0	20s	100	1	105
r	178	205	10	10	0	0	20s	100	1	105
r	163	239	10	10	0	0	20s	100	1	105
r	159	266	10	10	0	0	20s	100	1	105
r	165	289	10	10	0	0	20s	100	1	105
r	146	299	10	10	0	0	20s	100	1	105
r	163	277	10	10	0	0	20s	100	1	105
r	194	392	10	10	0	0	20s	100	1	105
r	179	418	10	10	0	0	20s	100	1	105
r	208	468	10	10	0	0	20s	100	1	105
r	214	476	10	10	0	0	20s	100	1	105
r	740	971	10	10	0	0	20s	100	1	105
r	746	965	10	10	0	0	20s	100	1	105
r	721	988	10	10	0	0	20s	100	1	105
r	559	223	10	10	0	0	20s	100	1	105
r	560	215	10	10	0	0	20s	100	1	105
r	523	136	10	10	0	0	20s	100	1	105
r	542	125	10	10	0	0	20s	100	1	105
r	582	103	10	10	0	0	20s	100	1	105
r	608	89	10	10	0	0	20s	100	1	105
r	628	73	10	10	0	0	20s	100	1	105
r	639	72	10	10	0	0	20s	100	1	105
r	640	81	10	10	0	0	20s	100	1	105
r	640	93	10	10	0	0	20s	100	1	105
r	652	93	10	10	0	0	20s	100	1	105
r	665	89	10	10	0	0	20s	100	1	105
r	702	93	10	10	0	0	20s	100	1	105
r	725	92	10	10	0	0	20s	100	1	105
r	742	92	10	10	0	0	20s	100	1	105
r	198	845	10	10	0	0	20s	100	1	105
r	197	851	10	10	0	0	20s	100	1	105
r	190	826	10	10	0	0	20s	100	1	105
r	189	821	10	10	0	0	20s	100	1	105
r	143	822	10	10	0	0	20s	100	1	105
r	151	798	10	10	0	0	20s	100	1	105
r	151	781	10	10	0	0	20s	100	1	105
r	151	772	10	10	0	0	20s	100	1	105
r	133	719	10	10	0	0	20s	100	1	105
r	131	704	10	10	0	0	20s	100	1	105
r	145	688	10	10	0	0	20s	100	1	105
r	150	679	10	10	0	0	20s	100	1	105
r	179	654	10	10	0	0	20s	100	1	105
r	175	639	10	10	0	0	20s	100	1	105
r	143	634	10	10	0	0	20s	100	1	105
r	156	873	10	10	0	0	20s	100	1	105
r	143	892	10	10	0	0	20s	100	1	105
r	159	901	10	10	0	0	20s	100	1	105
r	177	900	10	10	0	0	20s	100	1	105
r	158	913	10	10	0	0	20s	100	1	105
r	129	929	10	10	0	0	20s	100	1	105
r	128	979	10	10	0	0	20s	100	1	105
r	147	973	10	10	0	0	20s	100	1	105
r	152	956	10	10	0	0	20s	100	1	105
r	142	997	10	10	0	0	20s	100	1	105
r	107	991	10	10	0	0	20s	100	1	105
r	99	1023	10	10	0	0	20s	100	1	105
r	111	1046	10	10	0	0	20s	100	1	105
r	93	1045	10	10	0	0	20s	100	1	105
r	99	1027	10	10	0	0	20s	100	1	105
r	104	1005	10	10	0	0	20s	100	1	105
r	89	1057	10	10	0	0	20s	100	1	105
r	87	1088	10	10	0	0	20s	100	1	105
r	100	1083	10	10	0	0	20s	100	1	105
r	65	1090	10	10	0	0	20s	100	1	105
r	88	1116	10	10	0	0	20s	100	1	105
r	110	1110	10	10	0	0	20s	100	1	105
r	125	1095	10	10	0	0	20s	100	1	105
r	140	1051	10	10	0	0	20s	100	1	105
r	134	1020	10	10	0	0	20s	100	1	105
r	126	975	10	10	0	0	20s	100	1	106
r	132	966	10	10	0	0	20s	100	1	106
r	147	973	10	10	0	0	20s	100	1	106
r	132	1000	10	10	0	0	20s	100	1	106
r	131	1022	10	10	0	0	20s	100	1	106
r	132	1034	10	10	0	0	20s	100	1	106
r	144	1052	10	10	0	0	20s	100	1	106
r	135	1065	10	10	0	0	20s	100	1	106
r	100	1070	10	10	0	0	20s	100	1	106
r	94	1044	10	10	0	0	20s	100	1	106
r	108	1007	10	10	0	0	20s	100	1	106
r	87	1058	10	10	0	0	20s	100	1	106
r	95	1083	10	10	0	0	20s	100	1	106
r	116	1095	10	10	0	0	20s	100	1	106
r	123	1100	10	10	0	0	20s	100	1	106
r	90	1104	10	10	0	0	20s	100	1	106
r	164	899	10	10	0	0	20s	100	1	106
r	137	879	10	10	0	0	20s	100	1	106
r	166	877	10	10	0	0	20s	100	1	106
r	166	877	10	10	0	0	20s	100	1	106
r	187	838	10	10	0	0	20s	100	1	106
r	177	822	10	10	0	0	20s	100	1	106
r	201	811	10	10	0	0	20s	100	1	106
r	140	824	10	10	0	0	20s	100	1	106
r	139	779	10	10	0	0	20s	100	1	106
r	134	739	10	10	0	0	20s	100	1	106
r	146	718	10	10	0	0	20s	100	1	106
r	140	692	10	10	0	0	20s	100	1	106
r	158	667	10	10	0	0	20s	100	1	106
r	177	653	10	10	0	0	20s	100	1	106
r	184	681	10	10	0	0	20s	100	1	106
r	172	636	10	10	0	0	20s	100	1	106
r	169	618	10	10	0	0	20s	100	1	106
r	178	604	10	10	0	0	20s	100	1	106
r	211	559	10	10	0	0	20s	100	1	106
r	257	537	10	10	0	0	20s	100	1	106
r	307	544	10	10	0	0	20s	100	1	106
r	312	542	10	10	0	0	20s	100	1	106
r	221	466	10	10	0	0	20s	100	1	106
r	195	460	10	10	0	0	20s	100	1	106
r	249	472	10	10	0	0	20s	100	1	106
r	162	388	10	10	0	0	20s	100	1	106
r	194	413	10	10	0	0	20s	100	1	106
r	207	372	10	10	0	0	20s	100	1	106
r	184	372	10	10	0	0	20s	100	1	106
r	179	361	10	10	0	0	20s	100	1	106
r	184	382	10	10	0	0	20s	100	1	106
r	275	379	10	10	0	0	20s	100	1	106
r	291	396	10	10	0	0	20s	100	1	106
r	308	395	10	10	0	0	20s	100	1	106
r	287	359	10	10	0	0	20s	100	1	106
r	245	342	10	10	0	0	20s	100	1	106
r	246	340	10	10	0	0	20s	100	1	106
r	285	342	10	10	0	0	20s	100	1	106
r	315	334	10	10	0	0	20s	100	1	106
r	321	357	10	10	0	0	20s	100	1	106
r	342	322	10	10	0	0	20s	100	1	106
r	347	279	10	10	0	0	20s	100	1	106
r	390	265	10	10	0	0	20s	100	1	106
r	344	235	10	10	0	0	20s	100	1	106
r	341	252	10	10	0	0	20s	100	1	106
r	346	260	10	10	0	0	20s	100	1	106
r	372	268	10	10	0	0	20s	100	1	106
r	375	267	10	10	0	0	20s	100	1	106
r	433	239	10	10	0	0	20s	100	1	106
r	457	236	10	10	0	0	20s	100	1	106
r	397	232	10	10	0	0	20s	100	1	106
r	389	230	10	10	0	0	20s	100	1	106
r	397	197	10	10	0	0	20s	100	1	106
r	393	183	10	10	0	0	20s	100	1	106
r	376	173	10	10	0	0	20s	100	1	106
r	408	164	10	10	0	0	20s	100	1	106
r	365	167	10	10	0	0	20s	100	1	106
r	284	153	10	10	0	0	20s	100	1	106
r	252	162	10	10	0	0	20s	100	1	106
r	235	139	10	10	0	0	20s	100	1	106
r	255	129	10	10	0	0	20s	100	1	106
r	267	148	10	10	0	0	20s	100	1	106
r	279	152	10	10	0	0	20s	100	1	106
r	245	168	10	10	0	0	20s	100	1	106
r	192	200	10	10	0	0	20s	100	1	106
r	177	223	10	10	0	0	20s	100	1	106
r	154	239	10	10	0	0	20s	100	1	106
r	142	227	10	10	0	0	20s	100	1	106
r	144	253	10	10	0	0	20s	100	1	106
r	143	259	10	10	0	0	20s	100	1	106
r	205	226	10	10	0	0	20s	100	1	106
r	164	235	10	10	0	0	20s	100	1	106
r	179	249	10	10	0	0	20s	100	1	106
r	219	293	10	10	0	0	20s	100	1	106
r	245	271	10	10	0	0	20s	100	1	106
r	272	259	10	10	0	0	20s	100	1	106
r	222	268	10	10	0	0	20s	100	1	106
r	258	269	10	10	0	0	20s	100	1	106
r	268	284	10	10	0	0	20s	100	1	106
r	472	161	10	10	0	0	20s	100	1	106
r	462	182	10	10	0	0	20s	100	1	106
r	480	193	10	10	0	0	20s	100	1	106
r	491	188	10	10	0	0	20s	100	1	106
r	531	187	10	10	0	0	20s	100	1	106
r	546	168	10	10	0	0	20s	100	1	106
r	502	136	10	10	0	0	20s	100	1	106
r	533	123	10	10	0	0	20s	100	1	106
r	527	140	10	10	0	0	20s	100	1	106
r	563	118	10	10	0	0	20s	100	1	106
r	562	116	10	10	0	0	20s	100	1	106
r	586	89	10	10	0	0	20s	100	1	106
r	597	83	10	10	0	0	20s	100	1	106
r	620	84	10	10	0	0	20s	100	1	106
r	630	81	10	10	0	0	20s	100	1	106
r	650	80	10	10	0	0	20s	100	1	106
r	699	97	10	10	0	0	20s	100	1	106
r	725	96	10	10	0	0	20s	100	1	106
r	739	96	10	10	0	0	20s	100	1	106
r	723	274	10	10	0	0	20s	100	1	106
r	713	287	10	10	0	0	20s	100	1	106
r	737	292	10	10	0	0	20s	100	1	106
r	732	273	10	10	0	0	20s	100	1	106
r	727	240	10	10	0	0	20s	100	1	106
r	736	228	10	10	0	0	20s	100	1	106
r	704	258	10	10	0	0	20s	100	1	106
r	807	268	10	10	0	0	20s	100	1	106
r	784	258	10	10	0	0	20s	100	1	106
r	789	275	10	10	0	0	20s	100	1	106
r	778	256	10	10	0	0	20s	100	1	106
r	775	235	10	10	0	0	20s	100	1	106
r	784	218	10	10	0	0	20s	100	1	106
r	785	242	10	10	0	0	20s	100	1	106
r	854	224	10	10	0	0	20s	100	1	106
r	869	209	10	10	0	0	20s	100	1	106
r	866	190	10	10	0	0	20s	100	1	106
r	843	173	10	10	0	0	20s	100	1	106
r	830	179	10	10	0	0	20s	100	1	106
r	829	186	10	10	0	0	20s	100	1	106
r	853	167	10	10	0	0	20s	100	1	106
r	819	138	10	10	0	0	20s	100	1	106
r	812	107	10	10	0	0	20s	100	1	106
r	794	100	10	10	0	0	20s	100	1	106
r	780	87	10	10	0	0	20s	100	1	106
r	797	87	10	10	0	0	20s	100	1	106
r	926	203	10	10	0	0	20s	100	1	106
r	929	222	10	10	0	0	20s	100	1	106
r	900	231	10	10	0	0	20s	100	1	106
r	940	241	10	10	0	0	20s	100	1	106
r	950	244	10	10	0	0	20s	100	1	106
r	954	214	10	10	0	0	20s	100	1	106
r	939	266	10	10	0	0	20s	100	1	106
r	904	326	10	10	0	0	20s	100	1	106
r	927	331	10	10	0	0	20s	100	1	106
r	930	326	10	10	0	0	20s	100	1	106
r	919	358	10	10	0	0	20s	100	1	106
r	905	365	10	10	0	0	20s	100	1	106
r	871	325	10	10	0	0	20s	100	1	106
r	868	353	10	10	0	0	20s	100	1	106
r	864	362	10	10	0	0	20s	100	1	106
r	861	366	10	10	0	0	20s	100	1	106
r	822	404	10	10	0	0	20s	100	1	106
r	798	413	10	10	0	0	20s	100	1	106
r	816	423	10	10	0	0	20s	100	1	106
r	818	422	10	10	0	0	20s	100	1	106
r	839	451	10	10	0	0	20s	100	1	106
r	851	810	10	10	0	0	20s	100	1	106
r	861	789	10	10	0	0	20s	100	1	106
r	872	775	10	10	0	0	20s	100	1	106
r	888	793	10	10	0	0	20s	100	1	106
r	881	816	10	10	0	0	20s	100	1	106
r	855	818	10	10	0	0	20s	100	1	106
r	876	838	10	10	0	0	20s	100	1	106
r	898	856	10	10	0	0	20s	100	1	106
r	884	863	10	10	0	0	20s	100	1	106
r	878	869	10	10	0	0	20s	100	1	106
r	824	853	10	10	0	0	20s	100	1	106
r	796	851	10	10	0	0	20s	100	1	106
r	789	835	10	10	0	0	20s	100	1	106
r	777	836	10	10	0	0	20s	100	1	106
r	774	852	10	10	0	0	20s	100	1	106
r	822	787	10	10	0	0	20s	100	1	106
r	813	772	10	10	0	0	20s	100	1	106
r	784	751	10	10	0	0	20s	100	1	106
r	769	771	10	10	0	0	20s	100	1	106
r	774	786	10	10	0	0	20s	100	1	106
r	797	803	10	10	0	0	20s	100	1	106
r	895	884	10	10	0	0	20s	100	1	106
r	938	875	10	10	0	0	20s	100	1	106
r	931	922	10	10	0	0	20s	100	1	106
r	931	940	10	10	0	0	20s	100	1	106
r	934	963	10	10	0	0	20s	100	1	106
r	908	987	10	10	0	0	20s	100	1	106
r	894	996	10	10	0	0	20s	100	1	106
r	882	1017	10	10	0	0	20s	100	1	106
r	881	1022	10	10	0	0	20s	100	1	106
r	936	997	10	10	0	0	20s	100	1	106
r	545	1032	10	10	0	0	20s	100	1	106
r	521	1040	10	10	0	0	20s	100	1	106
r	558	1040	10	10	0	0	20s	100	1	106
r	254	988	10	10	0	0	20s	100	1	106
r	248	1001	10	10	0	0	20s	100	1	106
r	251	1017	10	10	0	0	20s	100	1	106
r	253	1023	10	10	0	0	20s	100	1	106
r	277	1044	10	10	0	0	20s	100	1	106
r	272	1057	10	10	0	0	20s	100	1	106
r	270	1075	10	10	0	0	20s	100	1	106
r	293	1090	10	10	0	0	20s	100	1	106
r	277	1095	10	10	0	0	20s	100	1	106
r	267	1125	10	10	0	0	20s	100	1	106
r	290	1135	10	10	0	0	20s	100	1	106
r	291	1140	10	10	0	0	20s	100	1	106
r	298	1147	10	10	0	0	20s	100	1	106
r	313	1151	10	10	0	0	20s	100	1	106
r	355	1124	10	10	0	0	20s	100	1	106
r	339	1131	10	10	0	0	20s	100	1	106
r	302	1099	10	10	0	0	20s	100	1	106
r	158	122	10	10	0	0	20s	100	1	106
r	186	105	10	10	0	0	20s	100	1	106
r	175	135	10	10	0	0	20s	100	1	106
r	171	139	10	10	0	0	20s	100	1	106
r	119	150	10	10	0	0	20s	100	1	106
r	112	123	10	10	0	0	20s	100	1	106
r	97	95	10	10	0	0	20s	100	1	106
r	84	76	10	10	0	0	20s	100	1	106
r	91	87	10	10	0	0	20s	100	1	106
r	73	106	10	10	0	0	20s	100	1	106
r	102	119	10	10	0	0	20s	100	1	106
r	112	106	10	10	0	0	20s	100	1	106
r	119	74	10	10	0	0	20s	100	1	106
r	98	87	10	10	0	0	20s	100	1	106
r	97	112	10	10	0	0	20s	100	1	106
r	112	135	10	10	0	0	20s	100	1	106
r	63	133	10	10	0	0	20s	100	1	106
r	151	144	10	10	0	0	20s	100	1	106
r	141	152	10	10	0	0	20s	100	1	106
r	302	161	10	10	0	0	20s	100	1	106
r	134	1097	10	10	0	0	20s	100	1	106
r	96	1075	10	10	0	0	20s	100	1	107
r	87	1070	10	10	0	0	20s	100	1	107
r	76	1072	10	10	0	0	20s	100	1	107
r	91	1044	10	10	0	0	20s	100	1	107
r	101	1037	10	10	0	0	20s	100	1	107
r	101	1061	10	10	0	0	20s	100	1	107
r	106	1062	10	10	0	0	20s	100	1	107
r	130	984	10	10	0	0	20s	100	1	107
r	129	975	10	10	0	0	20s	100	1	107
r	156	962	10	10	0	0	20s	100	1	107
r	157	959	10	10	0	0	20s	100	1	107
r	155	896	10	10	0	0	20s	100	1	107
r	153	880	10	10	0	0	20s	100	1	107
r	150	895	10	10	0	0	20s	100	1	107
r	181	881	10	10	0	0	20s	100	1	107
r	161	895	10	10	0	0	20s	100	1	107
r	138	976	10	10	0	0	20s	100	1	107
r	121	978	10	10	0	0	20s	100	1	107
r	129	1046	10	10	0	0	20s	100	1	107
r	134	1054	10	10	0	0	20s	100	1	107
r	134	1061	10	10	0	0	20s	100	1	107
r	115	1102	10	10	0	0	20s	100	1	107
r	111	1102	10	10	0	0	20s	100	1	107
r	150	809	10	10	0	0	20s	100	1	107
r	143	782	10	10	0	0	20s	100	1	107
r	139	755	10	10	0	0	20s	100	1	107
r	137	740	10	10	0	0	20s	100	1	107
r	177	646	10	10	0	0	20s	100	1	107
r	171	633	10	10	0	0	20s	100	1	107
r	173	609	10	10	0	0	20s	100	1	107
r	176	591	10	10	0	0	20s	100	1	107
r	186	583	10	10	0	0	20s	100	1	107
r	197	553	10	10	0	0	20s	100	1	107
r	197	545	10	10	0	0	20s	100	1	107
r	184	539	10	10	0	0	20s	100	1	107
r	149	526	10	10	0	0	20s	100	1	107
r	120	525	10	10	0	0	20s	100	1	107
r	110	541	10	10	0	0	20s	100	1	107
r	108	544	10	10	0	0	20s	100	1	107
r	174	521	10	10	0	0	20s	100	1	107
r	177	518	10	10	0	0	20s	100	1	107
r	150	542	10	10	0	0	20s	100	1	107
r	123	579	10	10	0	0	20s	100	1	107
r	119	581	10	10	0	0	20s	100	1	107
r	110	586	10	10	0	0	20s	100	1	107
r	140	564	10	10	0	0	20s	100	1	107
r	146	563	10	10	0	0	20s	100	1	107
r	198	502	10	10	0	0	20s	100	1	107
r	173	470	10	10	0	0	20s	100	1	107
r	170	466	10	10	0	0	20s	100	1	107
r	199	495	10	10	0	0	20s	100	1	107
r	226	498	10	10	0	0	20s	100	1	107
r	233	494	10	10	0	0	20s	100	1	107
r	242	497	10	10	0	0	20s	100	1	107
r	258	495	10	10	0	0	20s	100	1	107
r	249	458	10	10	0	0	20s	100	1	107
r	238	440	10	10	0	0	20s	100	1	107
r	210	420	10	10	0	0	20s	100	1	107
r	214	418	10	10	0	0	20s	100	1	107
r	273	404	10	10	0	0	20s	100	1	107
r	260	386	10	10	0	0	20s	100	1	107
r	249	371	10	10	0	0	20s	100	1	107
r	240	337	10	10	0	0	20s	100	1	107
r	284	321	10	10	0	0	20s	100	1	107
r	260	319	10	10	0	0	20s	100	1	107
r	274	338	10	10	0	0	20s	100	1	107
r	285	333	10	10	0	0	20s	100	1	107
r	339	296	10	10	0	0	20s	100	1	107
r	357	285	10	10	0	0	20s	100	1	107
r	242	162	10	10	0	0	20s	100	1	107
r	220	133	10	10	0	0	20s	100	1	107
r	262	115	10	10	0	0	20s	100	1	107
r	222	105	10	10	0	0	20s	100	1	107
r	219	99	10	10	0	0	20s	100	1	107
r	259	108	10	10	0	0	20s	100	1	107
r	276	124	10	10	0	0	20s	100	1	107
r	292	118	10	10	0	0	20s	100	1	107
r	314	138	10	10	0	0	20s	100	1	107
r	316	157	10	10	0	0	20s	100	1	107
r	284	158	10	10	0	0	20s	100	1	107
r	270	176	10	10	0	0	20s	100	1	107
r	270	178	10	10	0	0	20s	100	1	107
r	293	169	10	10	0	0	20s	100	1	107
r	176	177	10	10	0	0	20s	100	1	107
r	168	176	10	10	0	0	20s	100	1	107
r	190	213	10	10	0	0	20s	100	1	107
r	177	231	10	10	0	0	20s	100	1	107
r	163	231	10	10	0	0	20s	100	1	107
r	140	234	10	10	0	0	20s	100	1	107
r	128	249	10	10	0	0	20s	100	1	107
r	118	261	10	10	0	0	20s	100	1	107
r	126	292	10	10	0	0	20s	100	1	107
r	137	285	10	10	0	0	20s	100	1	107
r	164	246	10	10	0	0	20s	100	1	107
r	142	331	10	10	0	0	20s	100	1	107
r	131	355	10	10	0	0	20s	100	1	107
r	132	374	10	10	0	0	20s	100	1	107
r	145	381	10	10	0	0	20s	100	1	107
r	153	349	10	10	0	0	20s	100	1	107
r	132	162	10	10	0	0	20s	100	1	107
r	140	138	10	10	0	0	20s	100	1	107
r	123	106	10	10	0	0	20s	100	1	107
r	121	86	10	10	0	0	20s	100	1	107
r	112	85	10	10	0	0	20s	100	1	107
r	97	86	10	10	0	0	20s	100	1	107
r	133	109	10	10	0	0	20s	100	1	107
r	143	129	10	10	0	0	20s	100	1	107
r	159	131	10	10	0	0	20s	100	1	107
r	163	130	10	10	0	0	20s	100	1	107
r	214	119	10	10	0	0	20s	100	1	107
r	220	116	10	10	0	0	20s	100	1	107
r	205	101	10	10	0	0	20s	100	1	107
r	240	84	10	10	0	0	20s	100	1	107
r	249	101	10	10	0	0	20s	100	1	107
r	286	121	10	10	0	0	20s	100	1	107
r	303	118	10	10	0	0	20s	100	1	107
r	320	111	10	10	0	0	20s	100	1	107
r	320	137	10	10	0	0	20s	100	1	107
r	302	143	10	10	0	0	20s	100	1	107
r	307	152	10	10	0	0	20s	100	1	107
r	316	153	10	10	0	0	20s	100	1	107
r	339	156	10	10	0	0	20s	100	1	107
r	355	157	10	10	0	0	20s	100	1	107
r	390	173	10	10	0	0	20s	100	1	107
r	413	184	10	10	0	0	20s	100	1	107
r	412	171	10	10	0	0	20s	100	1	107
r	400	179	10	10	0	0	20s	100	1	107
r	414	188	10	10	0	0	20s	100	1	107
r	456	162	10	10	0	0	20s	100	1	107
r	455	159	10	10	0	0	20s	100	1	107
r	451	153	10	10	0	0	20s	100	1	107
r	439	146	10	10	0	0	20s	100	1	107
r	432	147	10	10	0	0	20s	100	1	107
r	457	180	10	10	0	0	20s	100	1	107
r	540	138	10	10	0	0	20s	100	1	107
r	563	126	10	10	0	0	20s	100	1	107
r	574	110	10	10	0	0	20s	100	1	107
r	581	101	10	10	0	0	20s	100	1	107
r	588	105	10	10	0	0	20s	100	1	107
r	610	85	10	10	0	0	20s	100	1	107
r	618	96	10	10	0	0	20s	100	1	107
r	654	83	10	10	0	0	20s	100	1	107
r	656	103	10	10	0	0	20s	100	1	107
r	657	105	10	10	0	0	20s	100	1	107
r	625	141	10	10	0	0	20s	100	1	107
r	606	144	10	10	0	0	20s	100	1	107
r	631	147	10	10	0	0	20s	100	1	107
r	649	147	10	10	0	0	20s	100	1	107
r	620	143	10	10	0	0	20s	100	1	107
r	605	144	10	10	0	0	20s	100	1	107
r	567	187	10	10	0	0	20s	100	1	107
r	553	199	10	10	0	0	20s	100	1	107
r	542	212	10	10	0	0	20s	100	1	107
r	534	230	10	10	0	0	20s	100	1	107
r	534	235	10	10	0	0	20s	100	1	107
r	733	268	10	10	0	0	20s	100	1	107
r	733	228	10	10	0	0	20s	100	1	107
r	732	245	10	10	0	0	20s	100	1	107
r	716	273	10	10	0	0	20s	100	1	107
r	768	243	10	10	0	0	20s	100	1	107
r	787	230	10	10	0	0	20s	100	1	107
r	791	247	10	10	0	0	20s	100	1	107
r	791	252	10	10	0	0	20s	100	1	107
r	798	274	10	10	0	0	20s	100	1	107
r	794	274	10	10	0	0	20s	100	1	107
r	812	258	10	10	0	0	20s	100	1	107
r	828	269	10	10	0	0	20s	100	1	107
r	841	272	10	10	0	0	20s	100	1	107
r	873	251	10	10	0	0	20s	100	1	107
r	895	253	10	10	0	0	20s	100	1	107
r	890	276	10	10	0	0	20s	100	1	107
r	857	258	10	10	0	0	20s	100	1	107
r	883	239	10	10	0	0	20s	100	1	107
r	892	258	10	10	0	0	20s	100	1	107
r	873	261	10	10	0	0	20s	100	1	107
r	894	259	10	10	0	0	20s	100	1	107
r	895	259	10	10	0	0	20s	100	1	107
r	940	247	10	10	0	0	20s	100	1	107
r	920	228	10	10	0	0	20s	100	1	107
r	911	216	10	10	0	0	20s	100	1	107
r	930	253	10	10	0	0	20s	100	1	107
r	951	220	10	10	0	0	20s	100	1	107
r	925	240	10	10	0	0	20s	100	1	107
r	919	323	10	10	0	0	20s	100	1	107
r	913	351	10	10	0	0	20s	100	1	107
r	908	372	10	10	0	0	20s	100	1	107
r	898	374	10	10	0	0	20s	100	1	107
r	875	339	10	10	0	0	20s	100	1	107
r	886	323	10	10	0	0	20s	100	1	107
r	837	182	10	10	0	0	20s	100	1	107
r	832	168	10	10	0	0	20s	100	1	107
r	843	145	10	10	0	0	20s	100	1	107
r	761	133	10	10	0	0	20s	100	1	107
r	768	129	10	10	0	0	20s	100	1	107
r	739	101	10	10	0	0	20s	100	1	107
r	732	110	10	10	0	0	20s	100	1	107
r	783	92	10	10	0	0	20s	100	1	107
r	736	127	10	10	0	0	20s	100	1	107
r	728	138	10	10	0	0	20s	100	1	107
r	729	151	10	10	0	0	20s	100	1	107
r	742	178	10	10	0	0	20s	100	1	107
r	738	189	10	10	0	0	20s	100	1	107
r	730	196	10	10	0	0	20s	100	1	107
r	738	222	10	10	0	0	20s	100	1	107
r	737	222	10	10	0	0	20s	100	1	107
r	744	193	10	10	0	0	20s	100	1	107
r	736	207	10	10	0	0	20s	100	1	107
r	750	211	10	10	0	0	20s	100	1	107
r	741	170	10	10	0	0	20s	100	1	107
r	748	146	10	10	0	0	20s	100	1	107
r	720	142	10	10	0	0	20s	100	1	107
r	730	152	10	10	0	0	20s	100	1	107
r	738	167	10	10	0	0	20s	100	1	107
r	738	169	10	10	0	0	20s	100	1	107
r	642	145	10	10	0	0	20s	100	1	107
r	628	148	10	10	0	0	20s	100	1	107
r	619	128	10	10	0	0	20s	100	1	107
r	590	54	10	10	0	0	20s	100	1	107
r	612	50	10	10	0	0	20s	100	1	107
r	613	52	10	10	0	0	20s	100	1	107
r	594	64	10	10	0	0	20s	100	1	107
r	587	63	10	10	0	0	20s	100	1	107
r	674	1066	10	10	0	0	20s	100	1	107
r	686	1092	10	10	0	0	20s	100	1	107
r	691	1094	10	10	0	0	20s	100	1	107
r	619	1009	10	10	0	0	20s	100	1	107
r	573	986	10	10	0	0	20s	100	1	107
r	558	990	10	10	0	0	20s	100	1	107
r	550	998	10	10	0	0	20s	100	1	107
r	545	1002	10	10	0	0	20s	100	1	107
r	458	961	10	10	0	0	20s	100	1	107
r	276	1074	10	10	0	0	20s	100	1	107
r	282	1089	10	10	0	0	20s	100	1	107
r	284	1065	10	10	0	0	20s	100	1	107
r	278	1086	10	10	0	0	20s	100	1	107
r	272	1134	10	10	0	0	20s	100	1	107
r	281	1136	10	10	0	0	20s	100	1	107
r	270	1123	10	10	0	0	20s	100	1	107
r	265	1117	10	10	0	0	20s	100	1	107
r	234	1045	10	10	0	0	20s	100	1	107
r	243	1049	10	10	0	0	20s	100	1	107
r	248	1031	10	10	0	0	20s	100	1	107
r	250	1019	10	10	0	0	20s	100	1	107
r	249	1003	10	10	0	0	20s	100	1	107
r	250	992	10	10	0	0	20s	100	1	107
r	249	978	10	10	0	0	20s	100	1	107
r	253	992	10	10	0	0	20s	100	1	107
r	254	1004	10	10	0	0	20s	100	1	107
r	261	1012	10	10	0	0	20s	100	1	107
r	187	498	10	10	0	0	20s	100	1	107
r	173	478	10	10	0	0	20s	100	1	107
r	186	483	10	10	0	0	20s	100	1	107
r	200	493	10	10	0	0	20s	100	1	107
r	208	497	10	10	0	0	20s	100	1	107
r	217	503	10	10	0	0	20s	100	1	107
r	250	500	10	10	0	0	20s	100	1	107
r	253	497	10	10	0	0	20s	100	1	107
r	276	497	10	10	0	0	20s	100	1	107
r	277	510	10	10	0	0	20s	100	1	107
r	498	1298	10	10	0	0	20s	100	1	108
r	511	1290	10	10	0	0	20s	100	1	108
r	518	1296	10	10	0	0	20s	100	1	108
r	514	1312	10	10	0	0	20s	100	1	108
r	506	1321	10	10	0	0	20s	100	1	108
r	504	1361	10	10	0	0	20s	100	1	108
r	505	1368	10	10	0	0	20s	100	1	108
r	504	1375	10	10	0	0	20s	100	1	108
r	504	1364	10	10	0	0	20s	100	1	108
r	504	1329	10	10	0	0	20s	100	1	108
r	501	1329	10	10	0	0	20s	100	1	108
r	481	1384	10	10	0	0	20s	100	1	108
r	502	1391	10	10	0	0	20s	100	1	108
r	510	1389	10	10	0	0	20s	100	1	108
r	514	1380	10	10	0	0	20s	100	1	108
r	522	1388	10	10	0	0	20s	100	1	108
r	563	1386	10	10	0	0	20s	100	1	108
r	579	1398	10	10	0	0	20s	100	1	108
r	588	1385	10	10	0	0	20s	100	1	108
r	561	1379	10	10	0	0	20s	100	1	108
r	553	1380	10	10	0	0	20s	100	1	108
r	611	1363	10	10	0	0	20s	100	1	108
r	615	1359	10	10	0	0	20s	100	1	108
r	585	1376	10	10	0	0	20s	100	1	108
r	606	1369	10	10	0	0	20s	100	1	108
r	634	1355	10	10	0	0	20s	100	1	108
r	649	1338	10	10	0	0	20s	100	1	108
r	661	1325	10	10	0	0	20s	100	1	108
r	673	1344	10	10	0	0	20s	100	1	108
r	659	1361	10	10	0	0	20s	100	1	108
r	643	1360	10	10	0	0	20s	100	1	108
r	639	1367	10	10	0	0	20s	100	1	108
r	613	1406	10	10	0	0	20s	100	1	108
r	601	1421	10	10	0	0	20s	100	1	108
r	628	1425	10	10	0	0	20s	100	1	108
r	644	1429	10	10	0	0	20s	100	1	108
r	650	1430	10	10	0	0	20s	100	1	108
r	669	1440	10	10	0	0	20s	100	1	108
r	684	1449	10	10	0	0	20s	100	1	108
r	700	1453	10	10	0	0	20s	100	1	108
r	713	1420	10	10	0	0	20s	100	1	108
r	725	1407	10	10	0	0	20s	100	1	108
r	736	1399	10	10	0	0	20s	100	1	108
r	468	1378	10	10	0	0	20s	100	1	108
r	420	1368	10	10	0	0	20s	100	1	108
r	417	1361	10	10	0	0	20s	100	1	108
r	422	1355	10	10	0	0	20s	100	1	108
r	430	1362	10	10	0	0	20s	100	1	108
r	415	1374	10	10	0	0	20s	100	1	108
r	405	1377	10	10	0	0	20s	100	1	108
r	396	1383	10	10	0	0	20s	100	1	108
r	392	1385	10	10	0	0	20s	100	1	108
r	426	1382	10	10	0	0	20s	100	1	108
r	428	1381	10	10	0	0	20s	100	1	108
r	391	1410	10	10	0	0	20s	100	1	108
r	435	1409	10	10	0	0	20s	100	1	108
r	468	1406	10	10	0	0	20s	100	1	108
r	478	1400	10	10	0	0	20s	100	1	108
r	465	1411	10	10	0	0	20s	100	1	108
r	352	1393	10	10	0	0	20s	100	1	108
r	344	1385	10	10	0	0	20s	100	1	108
r	339	1378	10	10	0	0	20s	100	1	108
r	319	1362	10	10	0	0	20s	100	1	108
r	311	1356	10	10	0	0	20s	100	1	108
r	301	1348	10	10	0	0	20s	100	1	108
r	297	1345	10	10	0	0	20s	100	1	108
r	296	1351	10	10	0	0	20s	100	1	108
r	365	1413	10	10	0	0	20s	100	1	108
r	390	1410	10	10	0	0	20s	100	1	108
r	399	1419	10	10	0	0	20s	100	1	108
r	350	1444	10	10	0	0	20s	100	1	108
r	356	1438	10	10	0	0	20s	100	1	108
r	364	1461	10	10	0	0	20s	100	1	108
r	375	1462	10	10	0	0	20s	100	1	108
r	386	1457	10	10	0	0	20s	100	1	108
r	408	1459	10	10	0	0	20s	100	1	108
r	397	1465	10	10	0	0	20s	100	1	108
r	336	1475	10	10	0	0	20s	100	1	108
r	318	1470	10	10	0	0	20s	100	1	108
r	301	1459	10	10	0	0	20s	100	1	108
r	286	1466	10	10	0	0	20s	100	1	108
r	265	1461	10	10	0	0	20s	100	1	108
r	259	1445	10	10	0	0	20s	100	1	108
r	251	1440	10	10	0	0	20s	100	1	108
r	250	1443	10	10	0	0	20s	100	1	108
r	287	1446	10	10	0	0	20s	100	1	108
r	255	1463	10	10	0	0	20s	100	1	108
r	224	1462	10	10	0	0	20s	100	1	108
r	214	1475	10	10	0	0	20s	100	1	108
r	218	1487	10	10	0	0	20s	100	1	108
r	225	1491	10	10	0	0	20s	100	1	108
r	209	1496	10	10	0	0	20s	100	1	108
r	237	1468	10	10	0	0	20s	100	1	108
r	231	1468	10	10	0	0	20s	100	1	108
r	634	1388	10	10	0	0	20s	100	1	108
r	646	1372	10	10	0	0	20s	100	1	108
r	660	1354	10	10	0	0	20s	100	1	108
r	634	1322	10	10	0	0	20s	100	1	108
r	621	1313	10	10	0	0	20s	100	1	108
r	388	1360	10	10	0	0	20s	100	1	109
r	387	1355	10	10	0	0	20s	100	1	109
r	374	1373	10	10	0	0	20s	100	1	109
r	391	1383	10	10	0	0	20s	100	1	109
r	405	1385	10	10	0	0	20s	100	1	109
r	412	1387	10	10	0	0	20s	100	1	109
r	451	1376	10	10	0	0	20s	100	1	109
r	474	1373	10	10	0	0	20s	100	1	109
r	500	1393	10	10	0	0	20s	100	1	109
r	516	1393	10	10	0	0	20s	100	1	109
r	527	1382	10	10	0	0	20s	100	1	109
r	567	1382	10	10	0	0	20s	100	1	109
r	588	1376	10	10	0	0	20s	100	1	109
r	607	1362	10	10	0	0	20s	100	1	109
r	609	1357	10	10	0	0	20s	100	1	109
r	633	1338	10	10	0	0	20s	100	1	109
r	636	1326	10	10	0	0	20s	100	1	109
r	654	1324	10	10	0	0	20s	100	1	109
r	655	1343	10	10	0	0	20s	100	1	109
r	650	1358	10	10	0	0	20s	100	1	109
r	639	1371	10	10	0	0	20s	100	1	109
r	633	1390	10	10	0	0	20s	100	1	109
r	595	1416	10	10	0	0	20s	100	1	109
r	605	1429	10	10	0	0	20s	100	1	109
r	639	1422	10	10	0	0	20s	100	1	109
r	645	1434	10	10	0	0	20s	100	1	109
r	655	1449	10	10	0	0	20s	100	1	109
r	674	1456	10	10	0	0	20s	100	1	109
r	672	1481	10	10	0	0	20s	100	1	109
r	665	1497	10	10	0	0	20s	100	1	109
r	660	1486	10	10	0	0	20s	100	1	109
r	671	1491	10	10	0	0	20s	100	1	109
r	687	1495	10	10	0	0	20s	100	1	109
r	707	1500	10	10	0	0	20s	100	1	109
r	724	1505	10	10	0	0	20s	100	1	109
r	733	1505	10	10	0	0	20s	100	1	109
r	741	1506	10	10	0	0	20s	100	1	109
r	742	1486	10	10	0	0	20s	100	1	109
r	736	1476	10	10	0	0	20s	100	1	109
r	719	1464	10	10	0	0	20s	100	1	109
r	704	1473	10	10	0	0	20s	100	1	109
r	703	1474	10	10	0	0	20s	100	1	109
r	701	1456	10	10	0	0	20s	100	1	109
r	726	1422	10	10	0	0	20s	100	1	109
r	733	1406	10	10	0	0	20s	100	1	109
r	743	1374	10	10	0	0	20s	100	1	109
r	732	1380	10	10	0	0	20s	100	1	109
r	726	1379	10	10	0	0	20s	100	1	109
r	724	1374	10	10	0	0	20s	100	1	109
r	667	1328	10	10	0	0	20s	100	1	109
r	664	1330	10	10	0	0	20s	100	1	109
r	626	1330	10	10	0	0	20s	100	1	109
r	616	1338	10	10	0	0	20s	100	1	109
r	617	1347	10	10	0	0	20s	100	1	109
r	514	1406	10	10	0	0	20s	100	1	109
r	533	1398	10	10	0	0	20s	100	1	109
r	500	1404	10	10	0	0	20s	100	1	109
r	454	1401	10	10	0	0	20s	100	1	109
r	438	1399	10	10	0	0	20s	100	1	109
r	453	1389	10	10	0	0	20s	100	1	109
r	411	1418	10	10	0	0	20s	100	1	109
r	396	1423	10	10	0	0	20s	100	1	109
r	382	1424	10	10	0	0	20s	100	1	109
r	376	1391	10	10	0	0	20s	100	1	109
r	378	1377	10	10	0	0	20s	100	1	109
r	378	1371	10	10	0	0	20s	100	1	109
r	334	1361	10	10	0	0	20s	100	1	109
r	332	1354	10	10	0	0	20s	100	1	109
r	300	1483	10	10	0	0	20s	100	1	109
r	310	1494	10	10	0	0	20s	100	1	109
r	323	1489	10	10	0	0	20s	100	1	109
r	325	1477	10	10	0	0	20s	100	1	109
r	372	1471	10	10	0	0	20s	100	1	109
r	400	1467	10	10	0	0	20s	100	1	109
r	337	1458	10	10	0	0	20s	100	1	109
r	323	1456	10	10	0	0	20s	100	1	109
r	308	1451	10	10	0	0	20s	100	1	109
r	305	1451	10	10	0	0	20s	100	1	109
r	227	1447	10	10	0	0	20s	100	1	109
r	194	1483	10	10	0	0	20s	100	1	109
r	204	1502	10	10	0	0	20s	100	1	109
r	270	1443	10	10	0	0	20s	100	1	109
r	262	1437	10	10	0	0	20s	100	1	110
r	275	1445	10	10	0	0	20s	100	1	110
r	283	1456	10	10	0	0	20s	100	1	110
r	293	1456	10	10	0	0	20s	100	1	110
r	301	1455	10	10	0	0	20s	100	1	110
r	305	1470	10	10	0	0	20s	100	1	110
r	311	1478	10	10	0	0	20s	100	1	110
r	324	1481	10	10	0	0	20s	100	1	110
r	379	1467	10	10	0	0	20s	100	1	110
r	366	1456	10	10	0	0	20s	100	1	110
r	408	1453	10	10	0	0	20s	100	1	110
r	406	1464	10	10	0	0	20s	100	1	110
r	367	1406	10	10	0	0	20s	100	1	110
r	353	1386	10	10	0	0	20s	100	1	110
r	339	1377	10	10	0	0	20s	100	1	110
r	346	1362	10	10	0	0	20s	100	1	110
r	395	1379	10	10	0	0	20s	100	1	110
r	396	1347	10	10	0	0	20s	100	1	110
r	466	1371	10	10	0	0	20s	100	1	110
r	476	1371	10	10	0	0	20s	100	1	110
r	431	1371	10	10	0	0	20s	100	1	110
r	425	1354	10	10	0	0	20s	100	1	110
r	499	1398	10	10	0	0	20s	100	1	110
r	532	1388	10	10	0	0	20s	100	1	110
r	547	1390	10	10	0	0	20s	100	1	110
r	569	1401	10	10	0	0	20s	100	1	110
r	563	1417	10	10	0	0	20s	100	1	110
r	566	1424	10	10	0	0	20s	100	1	110
r	583	1428	10	10	0	0	20s	100	1	110
r	603	1434	10	10	0	0	20s	100	1	110
r	617	1424	10	10	0	0	20s	100	1	110
r	608	1399	10	10	0	0	20s	100	1	110
r	619	1366	10	10	0	0	20s	100	1	110
r	641	1362	10	10	0	0	20s	100	1	110
r	634	1330	10	10	0	0	20s	100	1	110
r	656	1324	10	10	0	0	20s	100	1	110
r	733	1391	10	10	0	0	20s	100	1	110
r	716	1380	10	10	0	0	20s	100	1	110
r	731	1379	10	10	0	0	20s	100	1	110
r	727	1398	10	10	0	0	20s	100	1	110
r	722	1413	10	10	0	0	20s	100	1	110
r	720	1421	10	10	0	0	20s	100	1	110
r	727	1442	10	10	0	0	20s	100	1	110
r	740	1468	10	10	0	0	20s	100	1	110
r	735	1475	10	10	0	0	20s	100	1	110
r	719	1470	10	10	0	0	20s	100	1	110
r	715	1471	10	10	0	0	20s	100	1	110
r	738	1508	10	10	0	0	20s	100	1	110
r	741	1521	10	10	0	0	20s	100	1	110
r	105	708	10	10	0	0	20s	100	1	105
r	105	685	10	10	0	0	20s	100	1	105
r	105	665	10	10	0	0	20s	100	1	105
r	108	655	10	10	0	0	20s	100	1	105
r	109	648	10	10	0	0	20s	100	1	105
r	116	665	10	10	0	0	20s	100	1	105
r	111	684	10	10	0	0	20s	100	1	105
r	109	719	10	10	0	0	20s	100	1	105
r	108	737	10	10	0	0	20s	100	1	105
r	112	755	10	10	0	0	20s	100	1	105
r	113	774	10	10	0	0	20s	100	1	105
r	116	787	10	10	0	0	20s	100	1	105
r	119	795	10	10	0	0	20s	100	1	105
r	143	477	10	10	0	0	20s	100	1	105
r	127	446	10	10	0	0	20s	100	1	105
r	122	419	10	10	0	0	20s	100	1	105
r	130	402	10	10	0	0	20s	100	1	105
r	133	392	10	10	0	0	20s	100	1	105
r	129	422	10	10	0	0	20s	100	1	105
r	129	429	10	10	0	0	20s	100	1	105