r	879	571	20	20	0	0	90s	100	1	304
r	722	582	20	20	0	0	90s	100	1	304
r	921	582	20	20	0	0	90s	100	1	304
r	869	585	20	20	0	0	90s	100	1	304
r	621	588	20	20	0	0	90s	100	1	304
r	828	591	20	20	0	0	90s	100	1	304
r	867	592	20	20	0	0	90s	100	1	304
r	687	594	20	20	0	0	90s	100	1	304
r	708	594	20	20	0	0	90s	100	1	304
r	718	595	20	20	0	0	90s	100	1	304
r	569	596	20	20	0	0	90s	100	1	304
r	804	596	20	20	0	0	90s	100	1	304
r	582	603	20	20	0	0	90s	100	1	304
r	817	608	20	20	0	0	90s	100	1	304
r	919	610	20	20	0	0	90s	100	1	304
r	598	611	20	20	0	0	90s	100	1	304
r	624	611	20	20	0	0	90s	100	1	304
r	642	611	20	20	0	0	90s	100	1	304
r	918	611	20	20	0	0	90s	100	1	304
r	989	611	20	20	0	0	90s	100	1	304
r	544	612	20	20	0	0	90s	100	1	304
r	531	613	20	20	0	0	90s	100	1	304
r	610	613	20	20	0	0	90s	100	1	304
r	839	613	20	20	0	0	90s	100	1	304
r	845	613	20	20	0	0	90s	100	1	304
r	943	613	20	20	0	0	90s	100	1	304
r	589	621	20	20	0	0	90s	100	1	304
r	611	621	20	20	0	0	90s	100	1	304
r	619	621	20	20	0	0	90s	100	1	304
r	897	626	20	20	0	0	90s	100	1	304
r	550	627	20	20	0	0	90s	100	1	304
r	606	629	20	20	0	0	90s	100	1	304
r	523	630	20	20	0	0	90s	100	1	304
r	983	630	20	20	0	0	90s	100	1	304
r	847	632	20	20	0	0	90s	100	1	304
r	998	634	20	20	0	0	90s	100	1	304
r	570	636	20	20	0	0	90s	100	1	304
r	973	640	20	20	0	0	90s	100	1	304
r	980	640	20	20	0	0	90s	100	1	304
r	866	642	20	20	0	0	90s	100	1	304
r	639	648	20	20	0	0	90s	100	1	304
r	645	651	20	20	0	0	90s	100	1	304
r	550	652	20	20	0	0	90s	100	1	304
r	550	654	20	20	0	0	90s	100	1	304
r	906	657	20	20	0	0	90s	100	1	304
r	571	661	20	20	0	0	90s	100	1	304
r	628	663	20	20	0	0	90s	100	1	304
r	598	665	20	20	0	0	90s	100	1	304
r	938	669	20	20	0	0	90s	100	1	304
r	598	670	20	20	0	0	90s	100	1	304
r	906	674	20	20	0	0	90s	100	1	304
r	904	681	20	20	0	0	90s	100	1	304
r	632	691	20	20	0	0	90s	100	1	304
r	570	696	20	20	0	0	90s	100	1	304
r	633	696	20	20	0	0	90s	100	1	304
r	936	701	20	20	0	0	90s	100	1	304
r	577	702	20	20	0	0	90s	100	1	304
r	560	705	20	20	0	0	90s	100	1	304
r	622	705	20	20	0	0	90s	100	1	304
r	553	711	20	20	0	0	90s	100	1	304
r	614	726	20	20	0	0	90s	100	1	304
r	573	735	20	20	0	0	90s	100	1	304
r	940	744	20	20	0	0	90s	100	1	304
r	608	745	20	20	0	0	90s	100	1	304
r	923	745	20	20	0	0	90s	100	1	304
r	648	813	20	20	0	0	90s	100	1	304
r	639	822	20	20	0	0	90s	100	1	304
r	691	880	20	20	0	0	90s	100	1	304
r	773	900	20	20	0	0	90s	100	1	304
r	755	902	20	20	0	0	90s	100	1	304
r	765	903	20	20	0	0	90s	100	1	304
r	852	906	20	20	0	0	90s	100	1	304
r	738	908	20	20	0	0	90s	100	1	304
r	762	911	20	20	0	0	90s	100	1	304
r	789	917	20	20	0	0	90s	100	1	304
r	757	920	20	20	0	0	90s	100	1	304
r	869	922	20	20	0	0	90s	100	1	304
r	753	923	20	20	0	0	90s	100	1	304
r	826	923	20	20	0	0	90s	100	1	304
r	795	924	20	20	0	0	90s	100	1	304
r	748	925	20	20	0	0	90s	100	1	304
r	767	926	20	20	0	0	90s	100	1	304
r	772	930	20	20	0	0	90s	100	1	304
r	796	930	20	20	0	0	90s	100	1	304
r	758	934	20	20	0	0	90s	100	1	304
r	778	934	20	20	0	0	90s	100	1	304
r	825	935	20	20	0	0	90s	100	1	304
r	750	936	20	20	0	0	90s	100	1	304
r	725	942	20	20	0	0	90s	100	1	304
r	803	945	20	20	0	0	90s	100	1	304
r	778	978	20	20	0	0	90s	100	1	304
r	772	980	20	20	0	0	90s	100	1	304
r	778	986	20	20	0	0	90s	100	1	304
r	132	112	20	20	0	0	90s	100	1	305
r	280	123	20	20	0	0	90s	100	1	305
r	249	128	20	20	0	0	90s	100	1	305
r	326	134	20	20	0	0	90s	100	1	305
r	324	164	20	20	0	0	90s	100	1	305
r	206	170	20	20	0	0	90s	100	1	305
r	212	172	20	20	0	0	90s	100	1	305
r	150	181	20	20	0	0	90s	100	1	305
r	155	181	20	20	0	0	90s	100	1	305
r	206	190	20	20	0	0	90s	100	1	305
r	381	195	20	20	0	0	90s	100	1	305
r	163	196	20	20	0	0	90s	100	1	305
r	136	197	20	20	0	0	90s	100	1	305
r	280	197	20	20	0	0	90s	100	1	305
r	117	209	20	20	0	0	90s	100	1	305
r	256	211	20	20	0	0	90s	100	1	305
r	129	219	20	20	0	0	90s	100	1	305
r	180	226	20	20	0	0	90s	100	1	305
r	154	238	20	20	0	0	90s	100	1	305
r	587	337	20	20	0	0	90s	100	1	305
r	604	345	20	20	0	0	90s	100	1	305
r	752	346	20	20	0	0	90s	100	1	305
r	789	349	20	20	0	0	90s	100	1	305
r	937	358	20	20	0	0	90s	100	1	305
r	807	360	20	20	0	0	90s	100	1	305
r	797	362	20	20	0	0	90s	100	1	305
r	563	364	20	20	0	0	90s	100	1	305
r	983	374	20	20	0	0	90s	100	1	305
r	805	380	20	20	0	0	90s	100	1	305
r	963	382	20	20	0	0	90s	100	1	305
r	502	389	20	20	0	0	90s	100	1	305
r	923	402	20	20	0	0	90s	100	1	305
r	804	405	20	20	0	0	90s	100	1	305
r	855	410	20	20	0	0	90s	100	1	305
r	847	418	20	20	0	0	90s	100	1	305
r	478	420	20	20	0	0	90s	100	1	305
r	817	423	20	20	0	0	90s	100	1	305
r	820	425	20	20	0	0	90s	100	1	305
r	1312	686	20	20	0	0	90s	100	1	305
r	1074	698	20	20	0	0	90s	100	1	305
r	1276	705	20	20	0	0	90s	100	1	305
r	1246	721	20	20	0	0	90s	100	1	305
r	1351	725	20	20	0	0	90s	100	1	305
r	1301	729	20	20	0	0	90s	100	1	305
r	1404	758	20	20	0	0	90s	100	1	305
r	1356	768	20	20	0	0	90s	100	1	305
r	1352	782	20	20	0	0	90s	100	1	305
r	1225	784	20	20	0	0	90s	100	1	305
r	1318	797	20	20	0	0	90s	100	1	305
r	1082	828	20	20	0	0	90s	100	1	305
r	1349	831	20	20	0	0	90s	100	1	305
r	1266	832	20	20	0	0	90s	100	1	305
r	1311	833	20	20	0	0	90s	100	1	305
r	1275	837	20	20	0	0	90s	100	1	305
r	1369	840	20	20	0	0	90s	100	1	305
r	1343	853	20	20	0	0	90s	100	1	305
r	1400	865	20	20	0	0	90s	100	1	305
r	1089	901	20	20	0	0	90s	100	1	305
r	1395	906	20	20	0	0	90s	100	1	305
r	1355	928	20	20	0	0	90s	100	1	305
r	1312	929	20	20	0	0	90s	100	1	305
r	1323	949	20	20	0	0	90s	100	1	305
r	246	1183	20	20	0	0	90s	100	1	305
r	203	1192	20	20	0	0	90s	100	1	305
r	252	1224	20	20	0	0	90s	100	1	305
r	196	1227	20	20	0	0	90s	100	1	305
r	241	1233	20	20	0	0	90s	100	1	305
r	269	1236	20	20	0	0	90s	100	1	305
r	247	1241	20	20	0	0	90s	100	1	305
r	188	1243	20	20	0	0	90s	100	1	305
r	266	1247	20	20	0	0	90s	100	1	305
r	171	1249	20	20	0	0	90s	100	1	305
r	244	1259	20	20	0	0	90s	100	1	305
r	262	1264	20	20	0	0	90s	100	1	305
r	218	1279	20	20	0	0	90s	100	1	305
r	261	1285	20	20	0	0	90s	100	1	305
r	199	1289	20	20	0	0	90s	100	1	305
r	187	1293	20	20	0	0	90s	100	1	305
r	297	1293	20	20	0	0	90s	100	1	305
r	364	1293	20	20	0	0	90s	100	1	305
r	257	1297	20	20	0	0	90s	100	1	305
r	188	1300	20	20	0	0	90s	100	1	305
r	358	1306	20	20	0	0	90s	100	1	305
r	285	1318	20	20	0	0	90s	100	1	305
r	261	1320	20	20	0	0	90s	100	1	305
r	239	1323	20	20	0	0	90s	100	1	305
r	228	1333	20	20	0	0	90s	100	1	305
r	267	1334	20	20	0	0	90s	100	1	305
r	343	1338	20	20	0	0	90s	100	1	305
r	283	1341	20	20	0	0	90s	100	1	305
r	271	1349	20	20	0	0	90s	100	1	305
r	275	1349	20	20	0	0	90s	100	1	305
r	355	1385	20	20	0	0	90s	100	1	305
r	766	595	20	20	0	0	90s	100	1	306
r	755	598	20	20	0	0	90s	100	1	306
r	745	617	20	20	0	0	90s	100	1	306
r	714	637	20	20	0	0	90s	100	1	306
r	705	640	20	20	0	0	90s	100	1	306
r	713	645	20	20	0	0	90s	100	1	306
r	835	649	20	20	0	0	90s	100	1	306
r	772	657	20	20	0	0	90s	100	1	306
r	821	659	20	20	0	0	90s	100	1	306
r	872	665	20	20	0	0	90s	100	1	306
r	845	670	20	20	0	0	90s	100	1	306
r	765	681	20	20	0	0	90s	100	1	306
r	826	681	20	20	0	0	90s	100	1	306
r	868	682	20	20	0	0	90s	100	1	306
r	810	692	20	20	0	0	90s	100	1	306
r	693	693	20	20	0	0	90s	100	1	306
r	839	694	20	20	0	0	90s	100	1	306
r	874	696	20	20	0	0	90s	100	1	306
r	686	701	20	20	0	0	90s	100	1	306
r	847	703	20	20	0	0	90s	100	1	306
r	875	703	20	20	0	0	90s	100	1	306
r	820	704	20	20	0	0	90s	100	1	306
r	777	706	20	20	0	0	90s	100	1	306
r	779	707	20	20	0	0	90s	100	1	306
r	868	709	20	20	0	0	90s	100	1	306
r	664	711	20	20	0	0	90s	100	1	306
r	622	715	20	20	0	0	90s	100	1	306
r	682	715	20	20	0	0	90s	100	1	306
r	816	716	20	20	0	0	90s	100	1	306
r	741	722	20	20	0	0	90s	100	1	306
r	661	723	20	20	0	0	90s	100	1	306
r	696	725	20	20	0	0	90s	100	1	306
r	694	727	20	20	0	0	90s	100	1	306
r	734	730	20	20	0	0	90s	100	1	306
r	815	732	20	20	0	0	90s	100	1	306
r	816	740	20	20	0	0	90s	100	1	306
r	857	758	20	20	0	0	90s	100	1	306
r	821	763	20	20	0	0	90s	100	1	306
r	712	767	20	20	0	0	90s	100	1	306
r	872	775	20	20	0	0	90s	100	1	306
r	635	776	20	20	0	0	90s	100	1	306
r	844	778	20	20	0	0	90s	100	1	306
r	720	780	20	20	0	0	90s	100	1	306
r	640	784	20	20	0	0	90s	100	1	306
r	839	786	20	20	0	0	90s	100	1	306
r	879	789	20	20	0	0	90s	100	1	306
r	684	791	20	20	0	0	90s	100	1	306
r	666	792	20	20	0	0	90s	100	1	306
r	713	793	20	20	0	0	90s	100	1	306
r	656	798	20	20	0	0	90s	100	1	306
r	728	798	20	20	0	0	90s	100	1	306
r	678	801	20	20	0	0	90s	100	1	306
r	875	801	20	20	0	0	90s	100	1	306
r	685	804	20	20	0	0	90s	100	1	306
r	702	806	20	20	0	0	90s	100	1	306
r	746	807	20	20	0	0	90s	100	1	306
r	769	816	20	20	0	0	90s	100	1	306
r	672	817	20	20	0	0	90s	100	1	306
r	756	825	20	20	0	0	90s	100	1	306
r	748	829	20	20	0	0	90s	100	1	306
r	672	832	20	20	0	0	90s	100	1	306
r	841	832	20	20	0	0	90s	100	1	306
r	823	833	20	20	0	0	90s	100	1	306
r	762	834	20	20	0	0	90s	100	1	306
r	761	842	20	20	0	0	90s	100	1	306
r	687	847	20	20	0	0	90s	100	1	306
r	683	853	20	20	0	0	90s	100	1	306
r	830	869	20	20	0	0	90s	100	1	306
r	711	121	20	20	0	0	90s	100	1	303
r	743	125	20	20	0	0	90s	100	1	303
r	708	135	20	20	0	0	90s	100	1	303
r	831	151	20	20	0	0	90s	100	1	303
r	807	152	20	20	0	0	90s	100	1	303
r	869	160	20	20	0	0	90s	100	1	303
r	819	161	20	20	0	0	90s	100	1	303
r	839	166	20	20	0	0	90s	100	1	303
r	603	168	20	20	0	0	90s	100	1	303
r	581	170	20	20	0	0	90s	100	1	303
r	540	171	20	20	0	0	90s	100	1	303
r	542	173	20	20	0	0	90s	100	1	303
r	739	198	20	20	0	0	90s	100	1	303
r	580	222	20	20	0	0	90s	100	1	303
r	397	340	20	20	0	0	90s	100	1	303
r	408	342	20	20	0	0	90s	100	1	303
r	275	343	20	20	0	0	90s	100	1	303
r	372	354	20	20	0	0	90s	100	1	303
r	472	360	20	20	0	0	90s	100	1	303
r	320	361	20	20	0	0	90s	100	1	303
r	204	373	20	20	0	0	90s	100	1	303
r	1013	381	20	20	0	0	90s	100	1	303
r	202	382	20	20	0	0	90s	100	1	303
r	1032	385	20	20	0	0	90s	100	1	303
r	209	392	20	20	0	0	90s	100	1	303
r	1007	393	20	20	0	0	90s	100	1	303
r	1032	394	20	20	0	0	90s	100	1	303
r	355	396	20	20	0	0	90s	100	1	303
r	1096	405	20	20	0	0	90s	100	1	303
r	1021	414	20	20	0	0	90s	100	1	303
r	277	416	20	20	0	0	90s	100	1	303
r	282	418	20	20	0	0	90s	100	1	303
r	422	428	20	20	0	0	90s	100	1	303
r	1056	432	20	20	0	0	90s	100	1	303
r	958	439	20	20	0	0	90s	100	1	303
r	1145	441	20	20	0	0	90s	100	1	303
r	1150	442	20	20	0	0	90s	100	1	303
r	1119	443	20	20	0	0	90s	100	1	303
r	1127	445	20	20	0	0	90s	100	1	303
r	1046	450	20	20	0	0	90s	100	1	303
r	461	456	20	20	0	0	90s	100	1	303
r	431	457	20	20	0	0	90s	100	1	303
r	455	459	20	20	0	0	90s	100	1	303
r	372	461	20	20	0	0	90s	100	1	303
r	1140	461	20	20	0	0	90s	100	1	303
r	1035	462	20	20	0	0	90s	100	1	303
r	425	471	20	20	0	0	90s	100	1	303
r	1125	479	20	20	0	0	90s	100	1	303
r	292	499	20	20	0	0	90s	100	1	303
r	416	508	20	20	0	0	90s	100	1	303
r	1200	509	20	20	0	0	90s	100	1	303
r	308	512	20	20	0	0	90s	100	1	303
r	408	519	20	20	0	0	90s	100	1	303
r	354	521	20	20	0	0	90s	100	1	303
r	1224	526	20	20	0	0	90s	100	1	303
r	380	535	20	20	0	0	90s	100	1	303
r	327	538	20	20	0	0	90s	100	1	303
r	359	540	20	20	0	0	90s	100	1	303
r	1196	542	20	20	0	0	90s	100	1	303
r	377	555	20	20	0	0	90s	100	1	303
r	362	567	20	20	0	0	90s	100	1	303
r	437	1027	20	20	0	0	90s	100	1	303
r	378	1036	20	20	0	0	90s	100	1	303
r	404	1042	20	20	0	0	90s	100	1	303
r	359	1081	20	20	0	0	90s	100	1	303
r	389	1084	20	20	0	0	90s	100	1	303
r	739	1087	20	20	0	0	90s	100	1	303
r	520	1088	20	20	0	0	90s	100	1	303
r	540	1088	20	20	0	0	90s	100	1	303
r	742	1088	20	20	0	0	90s	100	1	303
r	517	1089	20	20	0	0	90s	100	1	303
r	446	1090	20	20	0	0	90s	100	1	303
r	757	1094	20	20	0	0	90s	100	1	303
r	777	1096	20	20	0	0	90s	100	1	303
r	488	1098	20	20	0	0	90s	100	1	303
r	465	1114	20	20	0	0	90s	100	1	303
r	444	1117	20	20	0	0	90s	100	1	303
r	416	1118	20	20	0	0	90s	100	1	303
r	1374	1118	20	20	0	0	90s	100	1	303
r	1351	1121	20	20	0	0	90s	100	1	303
r	750	1123	20	20	0	0	90s	100	1	303
r	511	1125	20	20	0	0	90s	100	1	303
r	764	1139	20	20	0	0	90s	100	1	303
r	434	1140	20	20	0	0	90s	100	1	303
r	816	1141	20	20	0	0	90s	100	1	303
r	717	1142	20	20	0	0	90s	100	1	303
r	558	1143	20	20	0	0	90s	100	1	303
r	812	1146	20	20	0	0	90s	100	1	303
r	417	1153	20	20	0	0	90s	100	1	303
r	472	1153	20	20	0	0	90s	100	1	303
r	1424	1155	20	20	0	0	90s	100	1	303
r	731	1158	20	20	0	0	90s	100	1	303
r	1416	1180	20	20	0	0	90s	100	1	303
r	500	1191	20	20	0	0	90s	100	1	303
r	1379	1196	20	20	0	0	90s	100	1	303
r	1400	1196	20	20	0	0	90s	100	1	303
r	510	1199	20	20	0	0	90s	100	1	303
r	1331	1203	20	20	0	0	90s	100	1	303
r	1375	1208	20	20	0	0	90s	100	1	303
r	1443	1221	20	20	0	0	90s	100	1	303
r	544	1228	20	20	0	0	90s	100	1	303
r	1409	1231	20	20	0	0	90s	100	1	303
r	1411	1284	20	20	0	0	90s	100	1	303
r	1365	112	20	20	0	0	90s	100	1	301
r	1370	116	20	20	0	0	90s	100	1	301
r	1404	118	20	20	0	0	90s	100	1	301
r	1326	145	20	20	0	0	90s	100	1	301
r	1394	154	20	20	0	0	90s	100	1	301
r	1339	160	20	20	0	0	90s	100	1	301
r	1316	166	20	20	0	0	90s	100	1	301
r	1361	177	20	20	0	0	90s	100	1	301
r	1401	178	20	20	0	0	90s	100	1	301
r	1428	197	20	20	0	0	90s	100	1	301
r	1319	223	20	20	0	0	90s	100	1	301
r	1368	266	20	20	0	0	90s	100	1	301
r	1382	292	20	20	0	0	90s	100	1	301
r	1410	294	20	20	0	0	90s	100	1	301
r	1410	299	20	20	0	0	90s	100	1	301
r	1408	309	20	20	0	0	90s	100	1	301
r	1357	310	20	20	0	0	90s	100	1	301
r	1337	321	20	20	0	0	90s	100	1	301
r	1398	326	20	20	0	0	90s	100	1	301
r	1324	328	20	20	0	0	90s	100	1	301
r	1375	332	20	20	0	0	90s	100	1	301
r	1336	349	20	20	0	0	90s	100	1	301
r	1328	361	20	20	0	0	90s	100	1	301
r	1316	368	20	20	0	0	90s	100	1	301
r	211	631	20	20	0	0	90s	100	1	301
r	170	636	20	20	0	0	90s	100	1	301
r	202	638	20	20	0	0	90s	100	1	301
r	204	687	20	20	0	0	90s	100	1	301
r	181	704	20	20	0	0	90s	100	1	301
r	218	715	20	20	0	0	90s	100	1	301
r	185	734	20	20	0	0	90s	100	1	301
r	239	738	20	20	0	0	90s	100	1	301
r	212	754	20	20	0	0	90s	100	1	301
r	271	756	20	20	0	0	90s	100	1	301
r	177	760	20	20	0	0	90s	100	1	301
r	265	774	20	20	0	0	90s	100	1	301
r	252	776	20	20	0	0	90s	100	1	301
r	214	784	20	20	0	0	90s	100	1	301
r	158	841	20	20	0	0	90s	100	1	301
r	159	853	20	20	0	0	90s	100	1	301
r	140	879	20	20	0	0	90s	100	1	301
r	960	1251	20	20	0	0	90s	100	1	301
r	949	1260	20	20	0	0	90s	100	1	301
r	856	1264	20	20	0	0	90s	100	1	301
r	774	1276	20	20	0	0	90s	100	1	301
r	934	1278	20	20	0	0	90s	100	1	301
r	938	1279	20	20	0	0	90s	100	1	301
r	905	1287	20	20	0	0	90s	100	1	301
r	770	1288	20	20	0	0	90s	100	1	301
r	908	1292	20	20	0	0	90s	100	1	301
r	696	1297	20	20	0	0	90s	100	1	301
r	633	1303	20	20	0	0	90s	100	1	301
r	819	1306	20	20	0	0	90s	100	1	301
r	1011	1310	20	20	0	0	90s	100	1	301
r	1046	1312	20	20	0	0	90s	100	1	301
r	626	1314	20	20	0	0	90s	100	1	301
r	741	1314	20	20	0	0	90s	100	1	301
r	923	1314	20	20	0	0	90s	100	1	301
r	699	1319	20	20	0	0	90s	100	1	301
r	917	1319	20	20	0	0	90s	100	1	301
r	927	1323	20	20	0	0	90s	100	1	301
r	791	1324	20	20	0	0	90s	100	1	301
r	976	1324	20	20	0	0	90s	100	1	301
r	914	1325	20	20	0	0	90s	100	1	301
r	1012	1328	20	20	0	0	90s	100	1	301
r	973	1329	20	20	0	0	90s	100	1	301
r	1061	1332	20	20	0	0	90s	100	1	301
r	993	1335	20	20	0	0	90s	100	1	301
r	662	1336	20	20	0	0	90s	100	1	301
r	971	1336	20	20	0	0	90s	100	1	301
r	655	1339	20	20	0	0	90s	100	1	301
r	691	1341	20	20	0	0	90s	100	1	301
r	780	1346	20	20	0	0	90s	100	1	301
r	814	1346	20	20	0	0	90s	100	1	301
r	861	1353	20	20	0	0	90s	100	1	301
r	701	1354	20	20	0	0	90s	100	1	301
r	721	1354	20	20	0	0	90s	100	1	301
r	846	1359	20	20	0	0	90s	100	1	301
r	1064	1361	20	20	0	0	90s	100	1	301
r	820	1364	20	20	0	0	90s	100	1	301
r	1044	1366	20	20	0	0	90s	100	1	301
r	880	1375	20	20	0	0	90s	100	1	301
r	929	1375	20	20	0	0	90s	100	1	301
r	761	1376	20	20	0	0	90s	100	1	301
r	755	1378	20	20	0	0	90s	100	1	301
r	811	1382	20	20	0	0	90s	100	1	301
r	737	1385	20	20	0	0	90s	100	1	301
r	803	1388	20	20	0	0	90s	100	1	301
r	723	1391	20	20	0	0	90s	100	1	301
r	924	1392	20	20	0	0	90s	100	1	301
r	1015	105	20	20	0	0	90s	100	1	302
r	1013	106	20	20	0	0	90s	100	1	302
r	1051	116	20	20	0	0	90s	100	1	302
r	960	124	20	20	0	0	90s	100	1	302
r	1058	134	20	20	0	0	90s	100	1	302
r	1127	174	20	20	0	0	90s	100	1	302
r	1069	179	20	20	0	0	90s	100	1	302
r	1090	183	20	20	0	0	90s	100	1	302
r	1020	191	20	20	0	0	90s	100	1	302
r	1137	193	20	20	0	0	90s	100	1	302
r	1140	195	20	20	0	0	90s	100	1	302
r	1188	211	20	20	0	0	90s	100	1	302
r	1211	221	20	20	0	0	90s	100	1	302
r	1173	230	20	20	0	0	90s	100	1	302
r	1214	239	20	20	0	0	90s	100	1	302
r	1076	245	20	20	0	0	90s	100	1	302
r	1101	249	20	20	0	0	90s	100	1	302
r	1103	255	20	20	0	0	90s	100	1	302
r	1117	271	20	20	0	0	90s	100	1	302
r	1216	285	20	20	0	0	90s	100	1	302
r	1205	294	20	20	0	0	90s	100	1	302
r	1193	296	20	20	0	0	90s	100	1	302
r	1361	483	20	20	0	0	90s	100	1	302
r	1312	488	20	20	0	0	90s	100	1	302
r	1326	495	20	20	0	0	90s	100	1	302
r	1418	525	20	20	0	0	90s	100	1	302
r	1419	553	20	20	0	0	90s	100	1	302
r	375	781	20	20	0	0	90s	100	1	302
r	377	790	20	20	0	0	90s	100	1	302
r	422	801	20	20	0	0	90s	100	1	302
r	373	803	20	20	0	0	90s	100	1	302
r	416	811	20	20	0	0	90s	100	1	302
r	413	820	20	20	0	0	90s	100	1	302
r	341	841	20	20	0	0	90s	100	1	302
r	338	846	20	20	0	0	90s	100	1	302
r	362	854	20	20	0	0	90s	100	1	302
r	479	854	20	20	0	0	90s	100	1	302
r	468	855	20	20	0	0	90s	100	1	302
r	404	856	20	20	0	0	90s	100	1	302
r	395	878	20	20	0	0	90s	100	1	302
r	479	883	20	20	0	0	90s	100	1	302
r	418	884	20	20	0	0	90s	100	1	302
r	421	901	20	20	0	0	90s	100	1	302
r	413	906	20	20	0	0	90s	100	1	302
r	1098	1038	20	20	0	0	90s	100	1	302
r	1150	1053	20	20	0	0	90s	100	1	302
r	971	1058	20	20	0	0	90s	100	1	302
r	987	1059	20	20	0	0	90s	100	1	302
r	1147	1066	20	20	0	0	90s	100	1	302
r	1153	1068	20	20	0	0	90s	100	1	302
r	1157	1074	20	20	0	0	90s	100	1	302
r	1104	1076	20	20	0	0	90s	100	1	302
r	1150	1078	20	20	0	0	90s	100	1	302
r	1131	1088	20	20	0	0	90s	100	1	302
r	1184	1089	20	20	0	0	90s	100	1	302
r	969	1100	20	20	0	0	90s	100	1	302
r	988	1104	20	20	0	0	90s	100	1	302
r	1091	1122	20	20	0	0	90s	100	1	302
r	1194	1123	20	20	0	0	90s	100	1	302
r	967	1124	20	20	0	0	90s	100	1	302
r	1018	1133	20	20	0	0	90s	100	1	302
r	1041	1146	20	20	0	0	90s	100	1	302
r	1044	1148	20	20	0	0	90s	100	1	302
r	1046	1152	20	20	0	0	90s	100	1	302
r	1136	1157	20	20	0	0	90s	100	1	302
r	1127	1159	20	20	0	0	90s	100	1	302
r	1144	1172	20	20	0	0	90s	100	1	302
r	1169	1173	20	20	0	0	90s	100	1	302
r	1172	1173	20	20	0	0	90s	100	1	302
r	1106	1175	20	20	0	0	90s	100	1	302
r	1142	1187	20	20	0	0	90s	100	1	302
r	1116	1194	20	20	0	0	90s	100	1	302
r	1247	1290	20	20	0	0	90s	100	1	302
r	1202	1312	20	20	0	0	90s	100	1	302
r	1249	1314	20	20	0	0	90s	100	1	302
r	1233	1319	20	20	0	0	90s	100	1	302
r	1228	1320	20	20	0	0	90s	100	1	302
r	1243	1325	20	20	0	0	90s	100	1	302
r	1244	1357	20	20	0	0	90s	100	1	302
r	1255	1357	20	20	0	0	90s	100	1	302
r	1325	1387	20	20	0	0	90s	100	1	302
r	1298	1401	20	20	0	0	90s	100	1	302
r	1212	1408	20	20	0	0	90s	100	1	302
r	1327	1413	20	20	0	0	90s	100	1	302
r	1310	1416	20	20	0	0	90s	100	1	302
r	922	599	20	20	0	0	90s	100	1	304
r	758	611	20	20	0	0	90s	100	1	304
r	967	611	20	20	0	0	90s	100	1	304
r	912	614	20	20	0	0	90s	100	1	304
r	652	617	20	20	0	0	90s	100	1	304
r	869	620	20	20	0	0	90s	100	1	304
r	910	621	20	20	0	0	90s	100	1	304
r	721	623	20	20	0	0	90s	100	1	304
r	743	623	20	20	0	0	90s	100	1	304
r	753	624	20	20	0	0	90s	100	1	304
r	597	625	20	20	0	0	90s	100	1	304
r	844	625	20	20	0	0	90s	100	1	304
r	611	633	20	20	0	0	90s	100	1	304
r	857	638	20	20	0	0	90s	100	1	304
r	964	640	20	20	0	0	90s	100	1	304
r	627	641	20	20	0	0	90s	100	1	304
r	655	641	20	20	0	0	90s	100	1	304
r	674	641	20	20	0	0	90s	100	1	304
r	963	641	20	20	0	0	90s	100	1	304
r	1038	641	20	20	0	0	90s	100	1	304
r	571	642	20	20	0	0	90s	100	1	304
r	557	643	20	20	0	0	90s	100	1	304
r	640	643	20	20	0	0	90s	100	1	304
r	880	643	20	20	0	0	90s	100	1	304
r	887	643	20	20	0	0	90s	100	1	304
r	990	643	20	20	0	0	90s	100	1	304
r	618	652	20	20	0	0	90s	100	1	304
r	641	652	20	20	0	0	90s	100	1	304
r	649	652	20	20	0	0	90s	100	1	304
r	941	657	20	20	0	0	90s	100	1	304
r	577	658	20	20	0	0	90s	100	1	304
r	636	660	20	20	0	0	90s	100	1	304
r	549	661	20	20	0	0	90s	100	1	304
r	1032	661	20	20	0	0	90s	100	1	304
r	889	663	20	20	0	0	90s	100	1	304
r	1047	665	20	20	0	0	90s	100	1	304
r	598	667	20	20	0	0	90s	100	1	304
r	1021	672	20	20	0	0	90s	100	1	304
r	1029	672	20	20	0	0	90s	100	1	304
r	909	674	20	20	0	0	90s	100	1	304
r	670	680	20	20	0	0	90s	100	1	304
r	677	683	20	20	0	0	90s	100	1	304
r	577	684	20	20	0	0	90s	100	1	304
r	577	686	20	20	0	0	90s	100	1	304
r	951	689	20	20	0	0	90s	100	1	304
r	599	694	20	20	0	0	90s	100	1	304
r	659	696	20	20	0	0	90s	100	1	304
r	627	698	20	20	0	0	90s	100	1	304
r	984	702	20	20	0	0	90s	100	1	304
r	627	703	20	20	0	0	90s	100	1	304
r	951	707	20	20	0	0	90s	100	1	304
r	949	715	20	20	0	0	90s	100	1	304
r	663	725	20	20	0	0	90s	100	1	304
r	598	730	20	20	0	0	90s	100	1	304
r	664	730	20	20	0	0	90s	100	1	304
r	982	736	20	20	0	0	90s	100	1	304
r	605	737	20	20	0	0	90s	100	1	304
r	588	740	20	20	0	0	90s	100	1	304
r	653	740	20	20	0	0	90s	100	1	304
r	580	746	20	20	0	0	90s	100	1	304
r	644	762	20	20	0	0	90s	100	1	304
r	601	771	20	20	0	0	90s	100	1	304
r	987	781	20	20	0	0	90s	100	1	304
r	638	782	20	20	0	0	90s	100	1	304
r	969	782	20	20	0	0	90s	100	1	304
r	680	853	20	20	0	0	90s	100	1	304
r	670	863	20	20	0	0	90s	100	1	304
r	725	924	20	20	0	0	90s	100	1	304
r	811	945	20	20	0	0	90s	100	1	304
r	792	947	20	20	0	0	90s	100	1	304
r	803	948	20	20	0	0	90s	100	1	304
r	894	951	20	20	0	0	90s	100	1	304
r	774	953	20	20	0	0	90s	100	1	304
r	800	956	20	20	0	0	90s	100	1	304
r	828	962	20	20	0	0	90s	100	1	304
r	794	966	20	20	0	0	90s	100	1	304
r	912	968	20	20	0	0	90s	100	1	304
r	790	969	20	20	0	0	90s	100	1	304
r	867	969	20	20	0	0	90s	100	1	304
r	834	970	20	20	0	0	90s	100	1	304
r	785	971	20	20	0	0	90s	100	1	304
r	805	972	20	20	0	0	90s	100	1	304
r	810	976	20	20	0	0	90s	100	1	304
r	835	976	20	20	0	0	90s	100	1	304
r	795	980	20	20	0	0	90s	100	1	304
r	816	980	20	20	0	0	90s	100	1	304
r	866	981	20	20	0	0	90s	100	1	304
r	787	982	20	20	0	0	90s	100	1	304
r	761	989	20	20	0	0	90s	100	1	304
r	843	992	20	20	0	0	90s	100	1	304
r	816	1026	20	20	0	0	90s	100	1	304
r	810	1029	20	20	0	0	90s	100	1	304
r	816	1035	20	20	0	0	90s	100	1	304
r	138	117	20	20	0	0	90s	100	1	305
r	294	129	20	20	0	0	90s	100	1	305
r	261	134	20	20	0	0	90s	100	1	305
r	342	140	20	20	0	0	90s	100	1	305
r	340	172	20	20	0	0	90s	100	1	305
r	216	178	20	20	0	0	90s	100	1	305
r	222	180	20	20	0	0	90s	100	1	305
r	157	190	20	20	0	0	90s	100	1	305
r	162	190	20	20	0	0	90s	100	1	305
r	216	199	20	20	0	0	90s	100	1	305
r	400	204	20	20	0	0	90s	100	1	305
r	171	205	20	20	0	0	90s	100	1	305
r	142	206	20	20	0	0	90s	100	1	305
r	294	206	20	20	0	0	90s	100	1	305
r	122	219	20	20	0	0	90s	100	1	305
r	268	221	20	20	0	0	90s	100	1	305
r	135	229	20	20	0	0	90s	100	1	305
r	189	237	20	20	0	0	90s	100	1	305
r	161	249	20	20	0	0	90s	100	1	305
r	616	353	20	20	0	0	90s	100	1	305
r	634	362	20	20	0	0	90s	100	1	305
r	789	363	20	20	0	0	90s	100	1	305
r	828	366	20	20	0	0	90s	100	1	305
r	983	375	20	20	0	0	90s	100	1	305
r	847	378	20	20	0	0	90s	100	1	305
r	836	380	20	20	0	0	90s	100	1	305
r	591	382	20	20	0	0	90s	100	1	305
r	1032	392	20	20	0	0	90s	100	1	305
r	845	399	20	20	0	0	90s	100	1	305
r	1011	401	20	20	0	0	90s	100	1	305
r	527	408	20	20	0	0	90s	100	1	305
r	969	422	20	20	0	0	90s	100	1	305
r	844	425	20	20	0	0	90s	100	1	305
r	897	430	20	20	0	0	90s	100	1	305
r	889	438	20	20	0	0	90s	100	1	305
r	501	441	20	20	0	0	90s	100	1	305
r	857	444	20	20	0	0	90s	100	1	305
r	861	446	20	20	0	0	90s	100	1	305
r	1377	720	20	20	0	0	90s	100	1	305
r	1127	732	20	20	0	0	90s	100	1	305
r	1339	740	20	20	0	0	90s	100	1	305
r	1308	757	20	20	0	0	90s	100	1	305
r	1418	761	20	20	0	0	90s	100	1	305
r	1366	765	20	20	0	0	90s	100	1	305
r	1474	795	20	20	0	0	90s	100	1	305
r	1423	806	20	20	0	0	90s	100	1	305
r	1419	821	20	20	0	0	90s	100	1	305
r	1286	823	20	20	0	0	90s	100	1	305
r	1383	836	20	20	0	0	90s	100	1	305
r	1136	869	20	20	0	0	90s	100	1	305
r	1416	872	20	20	0	0	90s	100	1	305
r	1329	873	20	20	0	0	90s	100	1	305
r	1376	874	20	20	0	0	90s	100	1	305
r	1338	878	20	20	0	0	90s	100	1	305
r	1437	882	20	20	0	0	90s	100	1	305
r	1410	895	20	20	0	0	90s	100	1	305
r	1470	908	20	20	0	0	90s	100	1	305
r	1143	946	20	20	0	0	90s	100	1	305
r	1464	951	20	20	0	0	90s	100	1	305
r	1422	974	20	20	0	0	90s	100	1	305
r	1377	975	20	20	0	0	90s	100	1	305
r	1389	996	20	20	0	0	90s	100	1	305
r	258	1242	20	20	0	0	90s	100	1	305
r	213	1251	20	20	0	0	90s	100	1	305
r	264	1285	20	20	0	0	90s	100	1	305
r	205	1288	20	20	0	0	90s	100	1	305
r	253	1294	20	20	0	0	90s	100	1	305
r	282	1297	20	20	0	0	90s	100	1	305
r	259	1303	20	20	0	0	90s	100	1	305
r	197	1305	20	20	0	0	90s	100	1	305
r	279	1309	20	20	0	0	90s	100	1	305
r	179	1311	20	20	0	0	90s	100	1	305
r	256	1321	20	20	0	0	90s	100	1	305
r	275	1327	20	20	0	0	90s	100	1	305
r	228	1342	20	20	0	0	90s	100	1	305
r	274	1349	20	20	0	0	90s	100	1	305
r	208	1353	20	20	0	0	90s	100	1	305
r	196	1357	20	20	0	0	90s	100	1	305
r	311	1357	20	20	0	0	90s	100	1	305
r	382	1357	20	20	0	0	90s	100	1	305
r	269	1361	20	20	0	0	90s	100	1	305
r	197	1365	20	20	0	0	90s	100	1	305
r	375	1371	20	20	0	0	90s	100	1	305
r	299	1383	20	20	0	0	90s	100	1	305
r	274	1386	20	20	0	0	90s	100	1	305
r	250	1389	20	20	0	0	90s	100	1	305
r	239	1399	20	20	0	0	90s	100	1	305
r	280	1400	20	20	0	0	90s	100	1	305
r	360	1404	20	20	0	0	90s	100	1	305
r	297	1408	20	20	0	0	90s	100	1	305
r	284	1416	20	20	0	0	90s	100	1	305
r	288	1416	20	20	0	0	90s	100	1	305
r	372	1454	20	20	0	0	90s	100	1	305
r	804	624	20	20	0	0	90s	100	1	306
r	792	627	20	20	0	0	90s	100	1	306
r	782	647	20	20	0	0	90s	100	1	306
r	749	668	20	20	0	0	90s	100	1	306
r	740	672	20	20	0	0	90s	100	1	306
r	748	677	20	20	0	0	90s	100	1	306
r	876	681	20	20	0	0	90s	100	1	306
r	810	689	20	20	0	0	90s	100	1	306
r	862	691	20	20	0	0	90s	100	1	306
r	915	698	20	20	0	0	90s	100	1	306
r	887	703	20	20	0	0	90s	100	1	306
r	803	715	20	20	0	0	90s	100	1	306
r	867	715	20	20	0	0	90s	100	1	306
r	911	716	20	20	0	0	90s	100	1	306
r	850	726	20	20	0	0	90s	100	1	306
r	727	727	20	20	0	0	90s	100	1	306
r	880	728	20	20	0	0	90s	100	1	306
r	917	730	20	20	0	0	90s	100	1	306
r	720	736	20	20	0	0	90s	100	1	306
r	889	738	20	20	0	0	90s	100	1	306
r	918	738	20	20	0	0	90s	100	1	306
r	861	739	20	20	0	0	90s	100	1	306
r	815	741	20	20	0	0	90s	100	1	306
r	817	742	20	20	0	0	90s	100	1	306
r	911	744	20	20	0	0	90s	100	1	306
r	697	746	20	20	0	0	90s	100	1	306
r	653	750	20	20	0	0	90s	100	1	306
r	716	750	20	20	0	0	90s	100	1	306
r	856	751	20	20	0	0	90s	100	1	306
r	778	758	20	20	0	0	90s	100	1	306
r	694	759	20	20	0	0	90s	100	1	306
r	730	761	20	20	0	0	90s	100	1	306
r	728	763	20	20	0	0	90s	100	1	306
r	770	766	20	20	0	0	90s	100	1	306
r	855	768	20	20	0	0	90s	100	1	306
r	856	777	20	20	0	0	90s	100	1	306
r	899	795	20	20	0	0	90s	100	1	306
r	862	801	20	20	0	0	90s	100	1	306
r	747	805	20	20	0	0	90s	100	1	306
r	915	813	20	20	0	0	90s	100	1	306
r	666	814	20	20	0	0	90s	100	1	306
r	886	816	20	20	0	0	90s	100	1	306
r	756	819	20	20	0	0	90s	100	1	306
r	672	823	20	20	0	0	90s	100	1	306
r	880	825	20	20	0	0	90s	100	1	306
r	922	828	20	20	0	0	90s	100	1	306
r	718	830	20	20	0	0	90s	100	1	306
r	699	831	20	20	0	0	90s	100	1	306
r	748	832	20	20	0	0	90s	100	1	306
r	688	837	20	20	0	0	90s	100	1	306
r	764	837	20	20	0	0	90s	100	1	306
r	711	841	20	20	0	0	90s	100	1	306
r	918	841	20	20	0	0	90s	100	1	306
r	719	844	20	20	0	0	90s	100	1	306
r	737	846	20	20	0	0	90s	100	1	306
r	783	847	20	20	0	0	90s	100	1	306
r	807	856	20	20	0	0	90s	100	1	306
r	705	857	20	20	0	0	90s	100	1	306
r	793	866	20	20	0	0	90s	100	1	306
r	785	870	20	20	0	0	90s	100	1	306
r	705	873	20	20	0	0	90s	100	1	306
r	883	873	20	20	0	0	90s	100	1	306
r	864	874	20	20	0	0	90s	100	1	306
r	800	875	20	20	0	0	90s	100	1	306
r	799	884	20	20	0	0	90s	100	1	306
r	721	889	20	20	0	0	90s	100	1	306
r	717	895	20	20	0	0	90s	100	1	306
r	871	912	20	20	0	0	90s	100	1	306
r	746	127	20	20	0	0	90s	100	1	303
r	780	131	20	20	0	0	90s	100	1	303
r	743	141	20	20	0	0	90s	100	1	303
r	872	158	20	20	0	0	90s	100	1	303
r	847	159	20	20	0	0	90s	100	1	303
r	912	168	20	20	0	0	90s	100	1	303
r	859	169	20	20	0	0	90s	100	1	303
r	880	174	20	20	0	0	90s	100	1	303
r	633	176	20	20	0	0	90s	100	1	303
r	610	178	20	20	0	0	90s	100	1	303
r	567	179	20	20	0	0	90s	100	1	303
r	569	181	20	20	0	0	90s	100	1	303
r	775	207	20	20	0	0	90s	100	1	303
r	609	233	20	20	0	0	90s	100	1	303
r	416	357	20	20	0	0	90s	100	1	303
r	428	359	20	20	0	0	90s	100	1	303
r	288	360	20	20	0	0	90s	100	1	303
r	390	371	20	20	0	0	90s	100	1	303
r	495	378	20	20	0	0	90s	100	1	303
r	336	379	20	20	0	0	90s	100	1	303
r	214	391	20	20	0	0	90s	100	1	303
r	1063	400	20	20	0	0	90s	100	1	303
r	212	401	20	20	0	0	90s	100	1	303
r	1083	404	20	20	0	0	90s	100	1	303
r	219	411	20	20	0	0	90s	100	1	303
r	1057	412	20	20	0	0	90s	100	1	303
r	1083	413	20	20	0	0	90s	100	1	303
r	372	415	20	20	0	0	90s	100	1	303
r	1150	425	20	20	0	0	90s	100	1	303
r	1072	434	20	20	0	0	90s	100	1	303
r	290	436	20	20	0	0	90s	100	1	303
r	296	438	20	20	0	0	90s	100	1	303
r	443	449	20	20	0	0	90s	100	1	303
r	1108	453	20	20	0	0	90s	100	1	303
r	1005	460	20	20	0	0	90s	100	1	303
r	1202	463	20	20	0	0	90s	100	1	303
r	1207	464	20	20	0	0	90s	100	1	303
r	1174	465	20	20	0	0	90s	100	1	303
r	1183	467	20	20	0	0	90s	100	1	303
r	1098	472	20	20	0	0	90s	100	1	303
r	484	478	20	20	0	0	90s	100	1	303
r	452	479	20	20	0	0	90s	100	1	303
r	477	481	20	20	0	0	90s	100	1	303
r	390	484	20	20	0	0	90s	100	1	303
r	1197	484	20	20	0	0	90s	100	1	303
r	1086	485	20	20	0	0	90s	100	1	303
r	446	494	20	20	0	0	90s	100	1	303
r	1181	502	20	20	0	0	90s	100	1	303
r	306	523	20	20	0	0	90s	100	1	303
r	436	533	20	20	0	0	90s	100	1	303
r	1260	534	20	20	0	0	90s	100	1	303
r	323	537	20	20	0	0	90s	100	1	303
r	428	544	20	20	0	0	90s	100	1	303
r	371	547	20	20	0	0	90s	100	1	303
r	1285	552	20	20	0	0	90s	100	1	303
r	399	561	20	20	0	0	90s	100	1	303
r	343	564	20	20	0	0	90s	100	1	303
r	376	567	20	20	0	0	90s	100	1	303
r	1255	569	20	20	0	0	90s	100	1	303
r	395	582	20	20	0	0	90s	100	1	303
r	380	595	20	20	0	0	90s	100	1	303
r	458	1078	20	20	0	0	90s	100	1	303
r	396	1087	20	20	0	0	90s	100	1	303
r	424	1094	20	20	0	0	90s	100	1	303
r	376	1135	20	20	0	0	90s	100	1	303
r	408	1138	20	20	0	0	90s	100	1	303
r	775	1141	20	20	0	0	90s	100	1	303
r	546	1142	20	20	0	0	90s	100	1	303
r	567	1142	20	20	0	0	90s	100	1	303
r	779	1142	20	20	0	0	90s	100	1	303
r	542	1143	20	20	0	0	90s	100	1	303
r	468	1144	20	20	0	0	90s	100	1	303
r	794	1148	20	20	0	0	90s	100	1	303
r	815	1150	20	20	0	0	90s	100	1	303
r	512	1152	20	20	0	0	90s	100	1	303
r	488	1169	20	20	0	0	90s	100	1	303
r	466	1172	20	20	0	0	90s	100	1	303
r	436	1173	20	20	0	0	90s	100	1	303
r	1442	1173	20	20	0	0	90s	100	1	303
r	1418	1177	20	20	0	0	90s	100	1	303
r	787	1179	20	20	0	0	90s	100	1	303
r	536	1181	20	20	0	0	90s	100	1	303
r	802	1195	20	20	0	0	90s	100	1	303
r	455	1197	20	20	0	0	90s	100	1	303
r	856	1198	20	20	0	0	90s	100	1	303
r	752	1199	20	20	0	0	90s	100	1	303
r	585	1200	20	20	0	0	90s	100	1	303
r	852	1203	20	20	0	0	90s	100	1	303
r	437	1210	20	20	0	0	90s	100	1	303
r	495	1210	20	20	0	0	90s	100	1	303
r	1495	1212	20	20	0	0	90s	100	1	303
r	767	1215	20	20	0	0	90s	100	1	303
r	1486	1239	20	20	0	0	90s	100	1	303
r	525	1250	20	20	0	0	90s	100	1	303
r	1447	1255	20	20	0	0	90s	100	1	303
r	1470	1255	20	20	0	0	90s	100	1	303
r	535	1258	20	20	0	0	90s	100	1	303
r	1397	1263	20	20	0	0	90s	100	1	303
r	1443	1268	20	20	0	0	90s	100	1	303
r	1515	1282	20	20	0	0	90s	100	1	303
r	571	1289	20	20	0	0	90s	100	1	303
r	1479	1292	20	20	0	0	90s	100	1	303
r	1481	1348	20	20	0	0	90s	100	1	303
r	1433	117	20	20	0	0	90s	100	1	301
r	1438	121	20	20	0	0	90s	100	1	301
r	1474	123	20	20	0	0	90s	100	1	301
r	1392	152	20	20	0	0	90s	100	1	301
r	1463	161	20	20	0	0	90s	100	1	301
r	1405	168	20	20	0	0	90s	100	1	301
r	1381	174	20	20	0	0	90s	100	1	301
r	1429	185	20	20	0	0	90s	100	1	301
r	1471	186	20	20	0	0	90s	100	1	301
r	1499	206	20	20	0	0	90s	100	1	301
r	1384	234	20	20	0	0	90s	100	1	301
r	1436	279	20	20	0	0	90s	100	1	301
r	1451	306	20	20	0	0	90s	100	1	301
r	1480	308	20	20	0	0	90s	100	1	301
r	1480	313	20	20	0	0	90s	100	1	301
r	1478	324	20	20	0	0	90s	100	1	301
r	1424	325	20	20	0	0	90s	100	1	301
r	1403	337	20	20	0	0	90s	100	1	301
r	1467	342	20	20	0	0	90s	100	1	301
r	1390	344	20	20	0	0	90s	100	1	301
r	1443	348	20	20	0	0	90s	100	1	301
r	1402	366	20	20	0	0	90s	100	1	301
r	1394	379	20	20	0	0	90s	100	1	301
r	1381	386	20	20	0	0	90s	100	1	301
r	221	662	20	20	0	0	90s	100	1	301
r	178	667	20	20	0	0	90s	100	1	301
r	212	669	20	20	0	0	90s	100	1	301
r	214	721	20	20	0	0	90s	100	1	301
r	190	739	20	20	0	0	90s	100	1	301
r	228	750	20	20	0	0	90s	100	1	301
r	194	770	20	20	0	0	90s	100	1	301
r	250	774	20	20	0	0	90s	100	1	301
r	222	791	20	20	0	0	90s	100	1	301
r	284	793	20	20	0	0	90s	100	1	301
r	185	798	20	20	0	0	90s	100	1	301
r	278	812	20	20	0	0	90s	100	1	301
r	264	814	20	20	0	0	90s	100	1	301
r	224	823	20	20	0	0	90s	100	1	301
r	165	883	20	20	0	0	90s	100	1	301
r	166	895	20	20	0	0	90s	100	1	301
r	147	922	20	20	0	0	90s	100	1	301
r	1008	1313	20	20	0	0	90s	100	1	301
r	996	1323	20	20	0	0	90s	100	1	301
r	898	1327	20	20	0	0	90s	100	1	301
r	812	1339	20	20	0	0	90s	100	1	301
r	980	1341	20	20	0	0	90s	100	1	301
r	984	1342	20	20	0	0	90s	100	1	301
r	950	1351	20	20	0	0	90s	100	1	301
r	808	1352	20	20	0	0	90s	100	1	301
r	953	1356	20	20	0	0	90s	100	1	301
r	730	1361	20	20	0	0	90s	100	1	301
r	664	1368	20	20	0	0	90s	100	1	301
r	859	1371	20	20	0	0	90s	100	1	301
r	1061	1375	20	20	0	0	90s	100	1	301
r	1098	1377	20	20	0	0	90s	100	1	301
r	657	1379	20	20	0	0	90s	100	1	301
r	778	1379	20	20	0	0	90s	100	1	301
r	969	1379	20	20	0	0	90s	100	1	301
r	733	1384	20	20	0	0	90s	100	1	301
r	962	1384	20	20	0	0	90s	100	1	301
r	973	1389	20	20	0	0	90s	100	1	301
r	830	1390	20	20	0	0	90s	100	1	301
r	1024	1390	20	20	0	0	90s	100	1	301
r	959	1391	20	20	0	0	90s	100	1	301
r	1062	1394	20	20	0	0	90s	100	1	301
r	1021	1395	20	20	0	0	90s	100	1	301
r	1114	1398	20	20	0	0	90s	100	1	301
r	1042	1401	20	20	0	0	90s	100	1	301
r	695	1402	20	20	0	0	90s	100	1	301
r	1019	1402	20	20	0	0	90s	100	1	301
r	687	1405	20	20	0	0	90s	100	1	301
r	725	1408	20	20	0	0	90s	100	1	301
r	819	1413	20	20	0	0	90s	100	1	301
r	854	1413	20	20	0	0	90s	100	1	301
r	904	1420	20	20	0	0	90s	100	1	301
r	736	1421	20	20	0	0	90s	100	1	301
r	757	1421	20	20	0	0	90s	100	1	301
r	888	1426	20	20	0	0	90s	100	1	301
r	1117	1429	20	20	0	0	90s	100	1	301
r	861	1432	20	20	0	0	90s	100	1	301
r	1096	1434	20	20	0	0	90s	100	1	301
r	924	1443	20	20	0	0	90s	100	1	301
r	975	1443	20	20	0	0	90s	100	1	301
r	799	1444	20	20	0	0	90s	100	1	301
r	792	1446	20	20	0	0	90s	100	1	301
r	851	1451	20	20	0	0	90s	100	1	301
r	773	1454	20	20	0	0	90s	100	1	301
r	843	1457	20	20	0	0	90s	100	1	301
r	759	1460	20	20	0	0	90s	100	1	301
r	970	1461	20	20	0	0	90s	100	1	301
r	1065	110	20	20	0	0	90s	100	1	302
r	1063	111	20	20	0	0	90s	100	1	302
r	1103	121	20	20	0	0	90s	100	1	302
r	1008	130	20	20	0	0	90s	100	1	302
r	1110	140	20	20	0	0	90s	100	1	302
r	1183	182	20	20	0	0	90s	100	1	302
r	1122	187	20	20	0	0	90s	100	1	302
r	1144	192	20	20	0	0	90s	100	1	302
r	1071	200	20	20	0	0	90s	100	1	302
r	1193	202	20	20	0	0	90s	100	1	302
r	1197	204	20	20	0	0	90s	100	1	302
r	1247	221	20	20	0	0	90s	100	1	302
r	1271	232	20	20	0	0	90s	100	1	302
r	1231	241	20	20	0	0	90s	100	1	302
r	1274	250	20	20	0	0	90s	100	1	302
r	1129	257	20	20	0	0	90s	100	1	302
r	1156	261	20	20	0	0	90s	100	1	302
r	1158	267	20	20	0	0	90s	100	1	302
r	1172	284	20	20	0	0	90s	100	1	302
r	1276	299	20	20	0	0	90s	100	1	302
r	1265	308	20	20	0	0	90s	100	1	302
r	1252	310	20	20	0	0	90s	100	1	302
r	1429	507	20	20	0	0	90s	100	1	302
r	1377	512	20	20	0	0	90s	100	1	302
r	1392	519	20	20	0	0	90s	100	1	302
r	1488	551	20	20	0	0	90s	100	1	302
r	1489	580	20	20	0	0	90s	100	1	302
r	393	820	20	20	0	0	90s	100	1	302
r	395	829	20	20	0	0	90s	100	1	302
r	443	841	20	20	0	0	90s	100	1	302
r	391	843	20	20	0	0	90s	100	1	302
r	436	851	20	20	0	0	90s	100	1	302
r	433	861	20	20	0	0	90s	100	1	302
r	358	883	20	20	0	0	90s	100	1	302
r	354	888	20	20	0	0	90s	100	1	302
r	380	896	20	20	0	0	90s	100	1	302
r	502	896	20	20	0	0	90s	100	1	302
r	491	897	20	20	0	0	90s	100	1	302
r	424	898	20	20	0	0	90s	100	1	302
r	414	921	20	20	0	0	90s	100	1	302
r	502	927	20	20	0	0	90s	100	1	302
r	438	928	20	20	0	0	90s	100	1	302
r	442	946	20	20	0	0	90s	100	1	302
r	433	951	20	20	0	0	90s	100	1	302
r	1152	1089	20	20	0	0	90s	100	1	302
r	1207	1105	20	20	0	0	90s	100	1	302
r	1019	1110	20	20	0	0	90s	100	1	302
r	1036	1111	20	20	0	0	90s	100	1	302
r	1204	1119	20	20	0	0	90s	100	1	302
r	1210	1121	20	20	0	0	90s	100	1	302
r	1214	1127	20	20	0	0	90s	100	1	302
r	1159	1129	20	20	0	0	90s	100	1	302
r	1207	1131	20	20	0	0	90s	100	1	302
r	1187	1142	20	20	0	0	90s	100	1	302
r	1243	1143	20	20	0	0	90s	100	1	302
r	1017	1155	20	20	0	0	90s	100	1	302
r	1037	1159	20	20	0	0	90s	100	1	302
r	1145	1178	20	20	0	0	90s	100	1	302
r	1253	1179	20	20	0	0	90s	100	1	302
r	1015	1180	20	20	0	0	90s	100	1	302
r	1068	1189	20	20	0	0	90s	100	1	302
r	1093	1203	20	20	0	0	90s	100	1	302
r	1096	1205	20	20	0	0	90s	100	1	302
r	1098	1209	20	20	0	0	90s	100	1	302
r	1192	1214	20	20	0	0	90s	100	1	302
r	1183	1216	20	20	0	0	90s	100	1	302
r	1201	1230	20	20	0	0	90s	100	1	302
r	1227	1231	20	20	0	0	90s	100	1	302
r	1230	1231	20	20	0	0	90s	100	1	302
r	1161	1233	20	20	0	0	90s	100	1	302
r	1199	1246	20	20	0	0	90s	100	1	302
r	1171	1253	20	20	0	0	90s	100	1	302
r	1309	1354	20	20	0	0	90s	100	1	302
r	1262	1377	20	20	0	0	90s	100	1	302
r	1311	1379	20	20	0	0	90s	100	1	302
r	1294	1384	20	20	0	0	90s	100	1	302
r	1289	1386	20	20	0	0	90s	100	1	302
r	1305	1391	20	20	0	0	90s	100	1	302
r	1306	1424	20	20	0	0	90s	100	1	302
r	1317	1424	20	20	0	0	90s	100	1	302
r	1391	1456	20	20	0	0	90s	100	1	302
r	1362	1471	20	20	0	0	90s	100	1	302
r	1272	1478	20	20	0	0	90s	100	1	302
r	1393	1483	20	20	0	0	90s	100	1	302
r	1375	1486	20	20	0	0	90s	100	1	302
