r	809	1059	10	10	0	0	20s	100	1	605
r	784	1042	10	10	0	0	20s	100	1	605
r	776	1028	10	10	0	0	20s	100	1	605
r	774	1014	10	10	0	0	20s	100	1	605
r	782	1010	10	10	0	0	20s	100	1	605
r	789	1001	10	10	0	0	20s	100	1	605
r	797	1033	10	10	0	0	20s	100	1	605
r	806	1034	10	10	0	0	20s	100	1	605
r	777	991	10	10	0	0	20s	100	1	605
r	769	951	10	10	0	0	20s	100	1	605
r	775	959	10	10	0	0	20s	100	1	605
r	764	971	10	10	0	0	20s	100	1	605
r	777	930	10	10	0	0	20s	100	1	605
r	760	895	10	10	0	0	20s	100	1	605
r	766	880	10	10	0	0	20s	100	1	605
r	789	870	10	10	0	0	20s	100	1	605
r	763	849	10	10	0	0	20s	100	1	605
r	787	810	10	10	0	0	20s	100	1	605
r	775	800	10	10	0	0	20s	100	1	605
r	767	797	10	10	0	0	20s	100	1	605
r	750	779	10	10	0	0	20s	100	1	605
r	746	800	10	10	0	0	20s	100	1	605
r	759	813	10	10	0	0	20s	100	1	605
r	785	750	10	10	0	0	20s	100	1	605
r	760	737	10	10	0	0	20s	100	1	605
r	756	729	10	10	0	0	20s	100	1	605
r	772	773	10	10	0	0	20s	100	1	605
r	776	767	10	10	0	0	20s	100	1	605
r	777	717	10	10	0	0	20s	100	1	605
r	764	702	10	10	0	0	20s	100	1	605
r	775	716	10	10	0	0	20s	100	1	605
r	825	761	10	10	0	0	20s	100	1	605
r	825	777	10	10	0	0	20s	100	1	605
r	836	801	10	10	0	0	20s	100	1	605
r	809	810	10	10	0	0	20s	100	1	605
r	837	814	10	10	0	0	20s	100	1	605
r	861	800	10	10	0	0	20s	100	1	605
r	852	813	10	10	0	0	20s	100	1	605
r	872	862	10	10	0	0	20s	100	1	605
r	880	828	10	10	0	0	20s	100	1	605
r	873	832	10	10	0	0	20s	100	1	605
r	902	869	10	10	0	0	20s	100	1	605
r	887	900	10	10	0	0	20s	100	1	605
r	872	907	10	10	0	0	20s	100	1	605
r	874	944	10	10	0	0	20s	100	1	605
r	883	966	10	10	0	0	20s	100	1	605
r	901	960	10	10	0	0	20s	100	1	605
r	904	965	10	10	0	0	20s	100	1	605
r	897	1012	10	10	0	0	20s	100	1	605
r	889	1002	10	10	0	0	20s	100	1	605
r	902	992	10	10	0	0	20s	100	1	605
r	882	982	10	10	0	0	20s	100	1	605
r	888	1014	10	10	0	0	20s	100	1	605
r	893	1037	10	10	0	0	20s	100	1	605
r	861	1059	10	10	0	0	20s	100	1	605
r	880	1094	10	10	0	0	20s	100	1	605
r	870	1119	10	10	0	0	20s	100	1	605
r	863	1128	10	10	0	0	20s	100	1	605
r	892	1155	10	10	0	0	20s	100	1	605
r	892	1169	10	10	0	0	20s	100	1	605
r	871	1179	10	10	0	0	20s	100	1	605
r	909	1193	10	10	0	0	20s	100	1	605
r	923	1185	10	10	0	0	20s	100	1	605
r	903	1178	10	10	0	0	20s	100	1	605
r	925	1202	10	10	0	0	20s	100	1	605
r	793	1018	10	10	0	0	20s	100	1	606
r	754	950	10	10	0	0	20s	100	1	606
r	767	930	10	10	0	0	20s	100	1	606
r	785	885	10	10	0	0	20s	100	1	606
r	766	870	10	10	0	0	20s	100	1	606
r	806	853	10	10	0	0	20s	100	1	606
r	788	840	10	10	0	0	20s	100	1	606
r	831	846	10	10	0	0	20s	100	1	606
r	843	846	10	10	0	0	20s	100	1	606
r	844	859	10	10	0	0	20s	100	1	606
r	848	871	10	10	0	0	20s	100	1	606
r	790	904	10	10	0	0	20s	100	1	606
r	793	840	10	10	0	0	20s	100	1	606
r	808	832	10	10	0	0	20s	100	1	606
r	761	811	10	10	0	0	20s	100	1	606
r	753	790	10	10	0	0	20s	100	1	606
r	750	770	10	10	0	0	20s	100	1	606
r	762	757	10	10	0	0	20s	100	1	606
r	808	761	10	10	0	0	20s	100	1	606
r	824	785	10	10	0	0	20s	100	1	606
r	845	784	10	10	0	0	20s	100	1	606
r	871	799	10	10	0	0	20s	100	1	606
r	872	803	10	10	0	0	20s	100	1	606
r	873	814	10	10	0	0	20s	100	1	606
r	880	845	10	10	0	0	20s	100	1	606
r	902	863	10	10	0	0	20s	100	1	606
r	890	874	10	10	0	0	20s	100	1	606
r	887	878	10	10	0	0	20s	100	1	606
r	877	910	10	10	0	0	20s	100	1	606
r	885	934	10	10	0	0	20s	100	1	606
r	899	936	10	10	0	0	20s	100	1	606
r	904	945	10	10	0	0	20s	100	1	606
r	908	998	10	10	0	0	20s	100	1	606
r	891	1021	10	10	0	0	20s	100	1	606
r	878	1027	10	10	0	0	20s	100	1	606
r	885	1084	10	10	0	0	20s	100	1	606
r	894	1075	10	10	0	0	20s	100	1	606
r	866	1079	10	10	0	0	20s	100	1	606
r	877	1120	10	10	0	0	20s	100	1	606
r	883	1125	10	10	0	0	20s	100	1	606
r	797	730	10	10	0	0	20s	100	1	606
r	772	698	10	10	0	0	20s	100	1	606
r	740	737	10	10	0	0	20s	100	1	606
r	735	754	10	10	0	0	20s	100	1	606
r	736	773	10	10	0	0	20s	100	1	606
r	762	526	10	10	0	0	20s	100	1	604
r	719	525	10	10	0	0	20s	100	1	604
r	680	528	10	10	0	0	20s	100	1	604
r	659	523	10	10	0	0	20s	100	1	604
r	726	495	10	10	0	0	20s	100	1	604
r	725	477	10	10	0	0	20s	100	1	604
r	726	462	10	10	0	0	20s	100	1	604
r	727	447	10	10	0	0	20s	100	1	604
r	725	434	10	10	0	0	20s	100	1	604
r	774	522	10	10	0	0	20s	100	1	604
r	797	521	10	10	0	0	20s	100	1	604
r	808	480	10	10	0	0	20s	100	1	604
r	798	454	10	10	0	0	20s	100	1	604
r	797	422	10	10	0	0	20s	100	1	604
r	806	411	10	10	0	0	20s	100	1	604
r	784	399	10	10	0	0	20s	100	1	604
r	709	383	10	10	0	0	20s	100	1	604
r	704	389	10	10	0	0	20s	100	1	604
r	694	394	10	10	0	0	20s	100	1	604
r	668	399	10	10	0	0	20s	100	1	604
r	626	395	10	10	0	0	20s	100	1	604
r	597	395	10	10	0	0	20s	100	1	604
r	589	402	10	10	0	0	20s	100	1	604
r	579	415	10	10	0	0	20s	100	1	604
r	576	479	10	10	0	0	20s	100	1	604
r	599	523	10	10	0	0	20s	100	1	604
r	618	527	10	10	0	0	20s	100	1	604
r	649	526	10	10	0	0	20s	100	1	604
r	794	517	10	10	0	0	20s	100	1	604
r	809	500	10	10	0	0	20s	100	1	604
r	824	472	10	10	0	0	20s	100	1	604
r	814	448	10	10	0	0	20s	100	1	604
r	810	425	10	10	0	0	20s	100	1	604
r	840	455	10	10	0	0	20s	100	1	604
r	856	425	10	10	0	0	20s	100	1	604
r	875	413	10	10	0	0	20s	100	1	604
r	880	436	10	10	0	0	20s	100	1	604
r	876	443	10	10	0	0	20s	100	1	604
r	873	457	10	10	0	0	20s	100	1	604
r	871	478	10	10	0	0	20s	100	1	604
r	876	502	10	10	0	0	20s	100	1	604
r	856	511	10	10	0	0	20s	100	1	604
r	813	525	10	10	0	0	20s	100	1	604
r	663	440	10	10	0	0	20s	100	1	604
r	655	467	10	10	0	0	20s	100	1	604
r	733	236	10	10	0	0	20s	100	1	604
r	752	231	10	10	0	0	20s	100	1	604
r	808	228	10	10	0	0	20s	100	1	604
r	812	237	10	10	0	0	20s	100	1	604
r	831	238	10	10	0	0	20s	100	1	604
r	838	232	10	10	0	0	20s	100	1	604
r	775	232	10	10	0	0	20s	100	1	604
r	806	227	10	10	0	0	20s	100	1	604
r	806	196	10	10	0	0	20s	100	1	604
r	828	188	10	10	0	0	20s	100	1	604
r	811	183	10	10	0	0	20s	100	1	604
r	836	141	10	10	0	0	20s	100	1	604
r	813	133	10	10	0	0	20s	100	1	604
r	848	133	10	10	0	0	20s	100	1	604
r	833	153	10	10	0	0	20s	100	1	604
r	817	132	10	10	0	0	20s	100	1	604
r	813	95	10	10	0	0	20s	100	1	604
r	797	89	10	10	0	0	20s	100	1	604
r	792	88	10	10	0	0	20s	100	1	604
r	833	51	10	10	0	0	20s	100	1	604
r	791	43	10	10	0	0	20s	100	1	604
r	771	44	10	10	0	0	20s	100	1	604
r	754	44	10	10	0	0	20s	100	1	604
r	745	52	10	10	0	0	20s	100	1	604
r	743	93	10	10	0	0	20s	100	1	604
r	733	101	10	10	0	0	20s	100	1	604
r	727	123	10	10	0	0	20s	100	1	604
r	732	142	10	10	0	0	20s	100	1	604
r	729	167	10	10	0	0	20s	100	1	604
r	733	199	10	10	0	0	20s	100	1	604
r	733	208	10	10	0	0	20s	100	1	604
r	760	247	10	10	0	0	20s	100	1	604
r	797	244	10	10	0	0	20s	100	1	604
r	852	245	10	10	0	0	20s	100	1	604
r	865	233	10	10	0	0	20s	100	1	604
r	869	196	10	10	0	0	20s	100	1	604
r	863	181	10	10	0	0	20s	100	1	604
r	713	154	10	10	0	0	20s	100	1	603
r	674	145	10	10	0	0	20s	100	1	603
r	634	146	10	10	0	0	20s	100	1	603
r	618	148	10	10	0	0	20s	100	1	603
r	602	149	10	10	0	0	20s	100	1	603
r	600	146	10	10	0	0	20s	100	1	603
r	606	112	10	10	0	0	20s	100	1	603
r	605	92	10	10	0	0	20s	100	1	603
r	608	80	10	10	0	0	20s	100	1	603
r	616	80	10	10	0	0	20s	100	1	603
r	629	87	10	10	0	0	20s	100	1	603
r	649	86	10	10	0	0	20s	100	1	603
r	667	78	10	10	0	0	20s	100	1	603
r	684	81	10	10	0	0	20s	100	1	603
r	703	81	10	10	0	0	20s	100	1	603
r	720	81	10	10	0	0	20s	100	1	603
r	730	81	10	10	0	0	20s	100	1	603
r	718	54	10	10	0	0	20s	100	1	603
r	728	47	10	10	0	0	20s	100	1	603
r	601	47	10	10	0	0	20s	100	1	603
r	601	54	10	10	0	0	20s	100	1	603
r	598	89	10	10	0	0	20s	100	1	603
r	606	124	10	10	0	0	20s	100	1	603
r	603	144	10	10	0	0	20s	100	1	603
r	598	171	10	10	0	0	20s	100	1	603
r	599	193	10	10	0	0	20s	100	1	603
r	598	205	10	10	0	0	20s	100	1	603
r	597	228	10	10	0	0	20s	100	1	603
r	595	246	10	10	0	0	20s	100	1	603
r	597	248	10	10	0	0	20s	100	1	603
r	622	207	10	10	0	0	20s	100	1	603
r	636	215	10	10	0	0	20s	100	1	603
r	653	218	10	10	0	0	20s	100	1	603
r	666	218	10	10	0	0	20s	100	1	603
r	661	174	10	10	0	0	20s	100	1	603
r	661	163	10	10	0	0	20s	100	1	603
r	661	152	10	10	0	0	20s	100	1	603
r	661	189	10	10	0	0	20s	100	1	603
r	661	191	10	10	0	0	20s	100	1	603
r	664	207	10	10	0	0	20s	100	1	603
r	690	212	10	10	0	0	20s	100	1	603
r	698	214	10	10	0	0	20s	100	1	603
r	713	214	10	10	0	0	20s	100	1	603
r	721	216	10	10	0	0	20s	100	1	603
r	723	189	10	10	0	0	20s	100	1	603
r	723	232	10	10	0	0	20s	100	1	603
r	723	234	10	10	0	0	20s	100	1	603
r	765	234	10	10	0	0	20s	100	1	603
r	779	243	10	10	0	0	20s	100	1	603
r	811	241	10	10	0	0	20s	100	1	603
r	826	235	10	10	0	0	20s	100	1	603
r	834	247	10	10	0	0	20s	100	1	603
r	862	228	10	10	0	0	20s	100	1	603
r	819	186	10	10	0	0	20s	100	1	603
r	826	150	10	10	0	0	20s	100	1	603
r	837	142	10	10	0	0	20s	100	1	603
r	820	129	10	10	0	0	20s	100	1	603
r	813	88	10	10	0	0	20s	100	1	603
r	817	97	10	10	0	0	20s	100	1	603
r	826	97	10	10	0	0	20s	100	1	603
r	812	44	10	10	0	0	20s	100	1	603
r	796	46	10	10	0	0	20s	100	1	603
r	776	55	10	10	0	0	20s	100	1	603
r	746	47	10	10	0	0	20s	100	1	603
r	850	53	10	10	0	0	20s	100	1	603
r	849	53	10	10	0	0	20s	100	1	603
r	870	83	10	10	0	0	20s	100	1	603
r	855	94	10	10	0	0	20s	100	1	603
r	854	124	10	10	0	0	20s	100	1	603
r	854	140	10	10	0	0	20s	100	1	603
r	806	404	10	10	0	0	20s	100	1	603
r	778	384	10	10	0	0	20s	100	1	603
r	763	390	10	10	0	0	20s	100	1	603
r	749	389	10	10	0	0	20s	100	1	603
r	717	391	10	10	0	0	20s	100	1	603
r	695	392	10	10	0	0	20s	100	1	603
r	670	391	10	10	0	0	20s	100	1	603
r	656	392	10	10	0	0	20s	100	1	603
r	651	409	10	10	0	0	20s	100	1	603
r	725	428	10	10	0	0	20s	100	1	603
r	722	454	10	10	0	0	20s	100	1	603
r	724	466	10	10	0	0	20s	100	1	603
r	728	484	10	10	0	0	20s	100	1	603
r	731	502	10	10	0	0	20s	100	1	603
r	700	530	10	10	0	0	20s	100	1	603
r	659	525	10	10	0	0	20s	100	1	603
r	627	532	10	10	0	0	20s	100	1	603
r	615	534	10	10	0	0	20s	100	1	603
r	601	531	10	10	0	0	20s	100	1	603
r	590	530	10	10	0	0	20s	100	1	603
r	585	523	10	10	0	0	20s	100	1	603
r	579	502	10	10	0	0	20s	100	1	603
r	577	499	10	10	0	0	20s	100	1	603
r	573	479	10	10	0	0	20s	100	1	603
r	566	442	10	10	0	0	20s	100	1	603
r	567	422	10	10	0	0	20s	100	1	603
r	575	396	10	10	0	0	20s	100	1	603
r	582	385	10	10	0	0	20s	100	1	603
r	792	423	10	10	0	0	20s	100	1	603
r	811	496	10	10	0	0	20s	100	1	603
r	858	414	10	10	0	0	20s	100	1	603
r	849	429	10	10	0	0	20s	100	1	603
r	860	439	10	10	0	0	20s	100	1	603
r	881	504	10	10	0	0	20s	100	1	603
r	864	502	10	10	0	0	20s	100	1	603
r	861	511	10	10	0	0	20s	100	1	603
r	856	517	10	10	0	0	20s	100	1	603
r	857	488	10	10	0	0	20s	100	1	603
r	863	467	10	10	0	0	20s	100	1	603
r	851	442	10	10	0	0	20s	100	1	603
r	864	450	10	10	0	0	20s	100	1	603
r	850	486	10	10	0	0	20s	100	1	603
r	849	478	10	10	0	0	20s	100	1	603
r	856	462	10	10	0	0	20s	100	1	603
r	866	477	10	10	0	0	20s	100	1	603
r	703	481	10	10	0	0	20s	100	1	603
r	700	477	10	10	0	0	20s	100	1	603
r	699	453	10	10	0	0	20s	100	1	603
r	705	443	10	10	0	0	20s	100	1	603
r	701	435	10	10	0	0	20s	100	1	603
r	747	437	10	10	0	0	20s	100	1	603
r	740	452	10	10	0	0	20s	100	1	603
r	750	468	10	10	0	0	20s	100	1	603
r	751	482	10	10	0	0	20s	100	1	603
r	747	489	10	10	0	0	20s	100	1	603
r	650	500	10	10	0	0	20s	100	1	603
r	631	501	10	10	0	0	20s	100	1	603
r	619	502	10	10	0	0	20s	100	1	603
r	603	503	10	10	0	0	20s	100	1	603
r	698	395	10	10	0	0	20s	100	1	603
r	752	406	10	10	0	0	20s	100	1	603
r	789	398	10	10	0	0	20s	100	1	603
r	801	399	10	10	0	0	20s	100	1	603
r	809	424	10	10	0	0	20s	100	1	603
r	806	431	10	10	0	0	20s	100	1	603
r	795	493	10	10	0	0	20s	100	1	603
r	809	525	10	10	0	0	20s	100	1	603
r	826	516	10	10	0	0	20s	100	1	603
r	818	491	10	10	0	0	20s	100	1	603
r	659	231	10	10	0	0	20s	100	1	603
r	660	242	10	10	0	0	20s	100	1	603
r	658	258	10	10	0	0	20s	100	1	603
r	645	156	10	10	0	0	20s	100	1	603
r	624	155	10	10	0	0	20s	100	1	603
r	610	153	10	10	0	0	20s	100	1	603
r	607	112	10	10	0	0	20s	100	1	603
r	604	89	10	10	0	0	20s	100	1	603
r	622	71	10	10	0	0	20s	100	1	603
r	638	82	10	10	0	0	20s	100	1	603
r	657	84	10	10	0	0	20s	100	1	603
r	658	72	10	10	0	0	20s	100	1	603
r	658	69	10	10	0	0	20s	100	1	603
r	664	45	10	10	0	0	20s	100	1	603
r	701	77	10	10	0	0	20s	100	1	603
r	737	79	10	10	0	0	20s	100	1	603
r	746	58	10	10	0	0	20s	100	1	603
r	797	49	10	10	0	0	20s	100	1	603
r	839	46	10	10	0	0	20s	100	1	603
r	850	47	10	10	0	0	20s	100	1	603
r	734	109	10	10	0	0	20s	100	1	603
r	722	109	10	10	0	0	20s	100	1	603
r	722	138	10	10	0	0	20s	100	1	603
r	725	156	10	10	0	0	20s	100	1	603
r	725	183	10	10	0	0	20s	100	1	603
r	744	183	10	10	0	0	20s	100	1	603
r	748	186	10	10	0	0	20s	100	1	603
r	749	188	10	10	0	0	20s	100	1	603
r	733	238	10	10	0	0	20s	100	1	603
r	795	245	10	10	0	0	20s	100	1	603
r	589	150	10	10	0	0	20s	100	1	603
r	574	151	10	10	0	0	20s	100	1	603
r	571	151	10	10	0	0	20s	100	1	603
r	587	81	10	10	0	0	20s	100	1	603
r	577	80	10	10	0	0	20s	100	1	603
r	566	80	10	10	0	0	20s	100	1	603
r	564	85	10	10	0	0	20s	100	1	603
r	580	218	10	10	0	0	20s	100	1	603
r	569	218	10	10	0	0	20s	100	1	603
r	564	218	10	10	0	0	20s	100	1	603
r	378	74	10	10	0	0	20s	100	1	602
r	391	76	10	10	0	0	20s	100	1	602
r	395	90	10	10	0	0	20s	100	1	602
r	395	97	10	10	0	0	20s	100	1	602
r	395	77	10	10	0	0	20s	100	1	602
r	398	63	10	10	0	0	20s	100	1	602
r	377	53	10	10	0	0	20s	100	1	602
r	379	61	10	10	0	0	20s	100	1	602
r	332	72	10	10	0	0	20s	100	1	602
r	320	74	10	10	0	0	20s	100	1	602
r	314	105	10	10	0	0	20s	100	1	602
r	314	117	10	10	0	0	20s	100	1	602
r	314	122	10	10	0	0	20s	100	1	602
r	308	134	10	10	0	0	20s	100	1	602
r	299	141	10	10	0	0	20s	100	1	602
r	283	153	10	10	0	0	20s	100	1	602
r	290	163	10	10	0	0	20s	100	1	602
r	309	176	10	10	0	0	20s	100	1	602
r	314	195	10	10	0	0	20s	100	1	602
r	308	205	10	10	0	0	20s	100	1	602
r	321	221	10	10	0	0	20s	100	1	602
r	337	224	10	10	0	0	20s	100	1	602
r	339	222	10	10	0	0	20s	100	1	602
r	345	218	10	10	0	0	20s	100	1	602
r	404	220	10	10	0	0	20s	100	1	602
r	390	222	10	10	0	0	20s	100	1	602
r	383	222	10	10	0	0	20s	100	1	602
r	392	203	10	10	0	0	20s	100	1	602
r	396	177	10	10	0	0	20s	100	1	602
r	395	170	10	10	0	0	20s	100	1	602
r	395	174	10	10	0	0	20s	100	1	602
r	405	196	10	10	0	0	20s	100	1	602
r	405	200	10	10	0	0	20s	100	1	602
r	394	132	10	10	0	0	20s	100	1	602
r	397	118	10	10	0	0	20s	100	1	602
r	397	108	10	10	0	0	20s	100	1	602
r	246	87	10	10	0	0	20s	100	1	602
r	238	68	10	10	0	0	20s	100	1	602
r	218	60	10	10	0	0	20s	100	1	602
r	199	61	10	10	0	0	20s	100	1	602
r	171	64	10	10	0	0	20s	100	1	602
r	155	64	10	10	0	0	20s	100	1	602
r	141	62	10	10	0	0	20s	100	1	602
r	139	70	10	10	0	0	20s	100	1	602
r	138	87	10	10	0	0	20s	100	1	602
r	133	110	10	10	0	0	20s	100	1	602
r	132	118	10	10	0	0	20s	100	1	602
r	134	134	10	10	0	0	20s	100	1	602
r	134	147	10	10	0	0	20s	100	1	602
r	136	165	10	10	0	0	20s	100	1	602
r	142	190	10	10	0	0	20s	100	1	602
r	140	210	10	10	0	0	20s	100	1	602
r	138	222	10	10	0	0	20s	100	1	602
r	143	231	10	10	0	0	20s	100	1	602
r	172	234	10	10	0	0	20s	100	1	602
r	189	231	10	10	0	0	20s	100	1	602
r	219	230	10	10	0	0	20s	100	1	602
r	230	235	10	10	0	0	20s	100	1	602
r	245	231	10	10	0	0	20s	100	1	602
r	196	231	10	10	0	0	20s	100	1	602
r	183	232	10	10	0	0	20s	100	1	602
r	157	230	10	10	0	0	20s	100	1	602
r	213	143	10	10	0	0	20s	100	1	602
r	236	145	10	10	0	0	20s	100	1	602
r	245	146	10	10	0	0	20s	100	1	602
r	228	121	10	10	0	0	20s	100	1	602
r	238	124	10	10	0	0	20s	100	1	602
r	247	111	10	10	0	0	20s	100	1	602
r	250	81	10	10	0	0	20s	100	1	602
r	245	71	10	10	0	0	20s	100	1	602
r	245	204	10	10	0	0	20s	100	1	602
r	245	212	10	10	0	0	20s	100	1	602
r	211	144	10	10	0	0	20s	100	1	602
r	198	149	10	10	0	0	20s	100	1	602
r	185	148	10	10	0	0	20s	100	1	602
r	171	147	10	10	0	0	20s	100	1	602
r	163	149	10	10	0	0	20s	100	1	602
r	179	174	10	10	0	0	20s	100	1	602
r	152	142	10	10	0	0	20s	100	1	602
r	148	130	10	10	0	0	20s	100	1	602
r	318	83	10	10	0	0	20s	100	1	602
r	298	162	10	10	0	0	20s	100	1	602
r	319	172	10	10	0	0	20s	100	1	602
r	398	233	10	10	0	0	20s	100	1	602
r	405	146	10	10	0	0	20s	100	1	602
r	398	157	10	10	0	0	20s	100	1	602
r	244	179	10	10	0	0	20s	100	1	602
r	242	163	10	10	0	0	20s	100	1	602
r	243	154	10	10	0	0	20s	100	1	602
r	271	147	10	10	0	0	20s	100	1	602
r	281	146	10	10	0	0	20s	100	1	602
r	293	145	10	10	0	0	20s	100	1	602
r	260	392	10	10	0	0	20s	100	1	602
r	291	403	10	10	0	0	20s	100	1	602
r	241	398	10	10	0	0	20s	100	1	602
r	236	411	10	10	0	0	20s	100	1	602
r	262	421	10	10	0	0	20s	100	1	602
r	265	412	10	10	0	0	20s	100	1	602
r	245	411	10	10	0	0	20s	100	1	602
r	214	397	10	10	0	0	20s	100	1	602
r	189	411	10	10	0	0	20s	100	1	602
r	180	409	10	10	0	0	20s	100	1	602
r	171	404	10	10	0	0	20s	100	1	602
r	160	408	10	10	0	0	20s	100	1	602
r	150	422	10	10	0	0	20s	100	1	602
r	150	442	10	10	0	0	20s	100	1	602
r	148	443	10	10	0	0	20s	100	1	602
r	135	458	10	10	0	0	20s	100	1	602
r	145	466	10	10	0	0	20s	100	1	602
r	172	453	10	10	0	0	20s	100	1	602
r	172	453	10	10	0	0	20s	100	1	602
r	150	460	10	10	0	0	20s	100	1	602
r	149	494	10	10	0	0	20s	100	1	602
r	147	506	10	10	0	0	20s	100	1	602
r	151	511	10	10	0	0	20s	100	1	602
r	170	514	10	10	0	0	20s	100	1	602
r	173	508	10	10	0	0	20s	100	1	602
r	214	509	10	10	0	0	20s	100	1	602
r	224	511	10	10	0	0	20s	100	1	602
r	241	517	10	10	0	0	20s	100	1	602
r	251	515	10	10	0	0	20s	100	1	602
r	251	515	10	10	0	0	20s	100	1	602
r	260	482	10	10	0	0	20s	100	1	602
r	212	455	10	10	0	0	20s	100	1	602
r	259	437	10	10	0	0	20s	100	1	602
r	257	467	10	10	0	0	20s	100	1	602
r	269	462	10	10	0	0	20s	100	1	602
r	231	451	10	10	0	0	20s	100	1	602
r	218	449	10	10	0	0	20s	100	1	602
r	260	455	10	10	0	0	20s	100	1	602
r	269	451	10	10	0	0	20s	100	1	602
r	285	448	10	10	0	0	20s	100	1	602
r	237	464	10	10	0	0	20s	100	1	602
r	273	462	10	10	0	0	20s	100	1	602
r	344	411	10	10	0	0	20s	100	1	602
r	356	399	10	10	0	0	20s	100	1	602
r	366	400	10	10	0	0	20s	100	1	602
r	371	446	10	10	0	0	20s	100	1	602
r	373	460	10	10	0	0	20s	100	1	602
r	379	469	10	10	0	0	20s	100	1	602
r	378	424	10	10	0	0	20s	100	1	602
r	369	437	10	10	0	0	20s	100	1	602
r	366	501	10	10	0	0	20s	100	1	602
r	366	509	10	10	0	0	20s	100	1	602
r	340	510	10	10	0	0	20s	100	1	602
r	329	510	10	10	0	0	20s	100	1	602
r	326	508	10	10	0	0	20s	100	1	602
r	369	505	10	10	0	0	20s	100	1	602
r	379	478	10	10	0	0	20s	100	1	602
r	377	476	10	10	0	0	20s	100	1	602
r	272	503	10	10	0	0	20s	100	1	602
r	286	512	10	10	0	0	20s	100	1	602
r	276	516	10	10	0	0	20s	100	1	602
r	251	528	10	10	0	0	20s	100	1	602
r	242	525	10	10	0	0	20s	100	1	602
r	237	495	10	10	0	0	20s	100	1	602
r	237	483	10	10	0	0	20s	100	1	602
r	222	463	10	10	0	0	20s	100	1	602
r	272	527	10	10	0	0	20s	100	1	602
r	250	503	10	10	0	0	20s	100	1	602
r	248	494	10	10	0	0	20s	100	1	602
r	252	492	10	10	0	0	20s	100	1	602
r	245	454	10	10	0	0	20s	100	1	602
r	308	452	10	10	0	0	20s	100	1	602
r	250	768	10	10	0	0	20s	100	1	602
r	258	776	10	10	0	0	20s	100	1	602
r	261	784	10	10	0	0	20s	100	1	602
r	241	791	10	10	0	0	20s	100	1	602
r	266	805	10	10	0	0	20s	100	1	602
r	250	817	10	10	0	0	20s	100	1	602
r	242	807	10	10	0	0	20s	100	1	602
r	267	796	10	10	0	0	20s	100	1	602
r	249	830	10	10	0	0	20s	100	1	602
r	264	831	10	10	0	0	20s	100	1	602
r	226	833	10	10	0	0	20s	100	1	602
r	235	841	10	10	0	0	20s	100	1	602
r	257	861	10	10	0	0	20s	100	1	602
r	257	867	10	10	0	0	20s	100	1	602
r	255	857	10	10	0	0	20s	100	1	602
r	234	854	10	10	0	0	20s	100	1	602
r	265	878	10	10	0	0	20s	100	1	602
r	259	890	10	10	0	0	20s	100	1	602
r	248	890	10	10	0	0	20s	100	1	602
r	261	893	10	10	0	0	20s	100	1	602
r	246	906	10	10	0	0	20s	100	1	602
r	257	911	10	10	0	0	20s	100	1	602
r	248	925	10	10	0	0	20s	100	1	602
r	261	934	10	10	0	0	20s	100	1	602
r	251	943	10	10	0	0	20s	100	1	602
r	255	950	10	10	0	0	20s	100	1	602
r	254	956	10	10	0	0	20s	100	1	602
r	247	966	10	10	0	0	20s	100	1	602
r	259	973	10	10	0	0	20s	100	1	602
r	246	988	10	10	0	0	20s	100	1	602
r	255	994	10	10	0	0	20s	100	1	602
r	249	1002	10	10	0	0	20s	100	1	602
r	264	1022	10	10	0	0	20s	100	1	602
r	260	1030	10	10	0	0	20s	100	1	602
r	254	1038	10	10	0	0	20s	100	1	602
r	262	1046	10	10	0	0	20s	100	1	602
r	260	1049	10	10	0	0	20s	100	1	602
r	298	1030	10	10	0	0	20s	100	1	602
r	299	1013	10	10	0	0	20s	100	1	602
r	303	1014	10	10	0	0	20s	100	1	602
r	317	1020	10	10	0	0	20s	100	1	602
r	349	1017	10	10	0	0	20s	100	1	602
r	350	1017	10	10	0	0	20s	100	1	602
r	363	1033	10	10	0	0	20s	100	1	602
r	371	1016	10	10	0	0	20s	100	1	602
r	341	1006	10	10	0	0	20s	100	1	602
r	367	1016	10	10	0	0	20s	100	1	602
r	369	1017	10	10	0	0	20s	100	1	602
r	369	1027	10	10	0	0	20s	100	1	602
r	426	920	10	10	0	0	20s	100	1	602
r	433	910	10	10	0	0	20s	100	1	602
r	439	937	10	10	0	0	20s	100	1	602
r	439	941	10	10	0	0	20s	100	1	602
r	433	947	10	10	0	0	20s	100	1	602
r	434	1013	10	10	0	0	20s	100	1	602
r	421	1012	10	10	0	0	20s	100	1	602
r	443	1022	10	10	0	0	20s	100	1	602
r	457	1013	10	10	0	0	20s	100	1	602
r	452	1004	10	10	0	0	20s	100	1	602
r	429	994	10	10	0	0	20s	100	1	602
r	414	1001	10	10	0	0	20s	100	1	602
r	407	1009	10	10	0	0	20s	100	1	602
r	430	1013	10	10	0	0	20s	100	1	602
r	446	914	10	10	0	0	20s	100	1	602
r	408	912	10	10	0	0	20s	100	1	602
r	410	930	10	10	0	0	20s	100	1	602
r	423	937	10	10	0	0	20s	100	1	602
r	449	929	10	10	0	0	20s	100	1	602
r	456	921	10	10	0	0	20s	100	1	602
r	431	898	10	10	0	0	20s	100	1	602
r	237	767	10	10	0	0	20s	100	1	602
r	193	763	10	10	0	0	20s	100	1	602
r	167	767	10	10	0	0	20s	100	1	602
r	155	769	10	10	0	0	20s	100	1	602
r	134	765	10	10	0	0	20s	100	1	602
r	127	763	10	10	0	0	20s	100	1	602
r	116	762	10	10	0	0	20s	100	1	602
r	171	762	10	10	0	0	20s	100	1	602
r	174	762	10	10	0	0	20s	100	1	602
r	187	761	10	10	0	0	20s	100	1	602
r	116	770	10	10	0	0	20s	100	1	602
r	68	762	10	10	0	0	20s	100	1	602
r	66	773	10	10	0	0	20s	100	1	602
r	58	819	10	10	0	0	20s	100	1	602
r	51	856	10	10	0	0	20s	100	1	602
r	57	862	10	10	0	0	20s	100	1	602
r	69	865	10	10	0	0	20s	100	1	602
r	59	813	10	10	0	0	20s	100	1	602
r	62	869	10	10	0	0	20s	100	1	602
r	62	899	10	10	0	0	20s	100	1	602
r	63	923	10	10	0	0	20s	100	1	602
r	53	936	10	10	0	0	20s	100	1	602
r	68	962	10	10	0	0	20s	100	1	602
r	63	971	10	10	0	0	20s	100	1	602
r	51	979	10	10	0	0	20s	100	1	602
r	63	1012	10	10	0	0	20s	100	1	602
r	57	1025	10	10	0	0	20s	100	1	602
r	62	1017	10	10	0	0	20s	100	1	602
r	56	1064	10	10	0	0	20s	100	1	602
r	56	1069	10	10	0	0	20s	100	1	602
r	64	1078	10	10	0	0	20s	100	1	602
r	49	1101	10	10	0	0	20s	100	1	602
r	67	1138	10	10	0	0	20s	100	1	602
r	62	1143	10	10	0	0	20s	100	1	602
r	58	1161	10	10	0	0	20s	100	1	602
r	63	1170	10	10	0	0	20s	100	1	602
r	54	1188	10	10	0	0	20s	100	1	602
r	61	1208	10	10	0	0	20s	100	1	602
r	52	1230	10	10	0	0	20s	100	1	602
r	71	1259	10	10	0	0	20s	100	1	602
r	71	1258	10	10	0	0	20s	100	1	602
r	55	1091	10	10	0	0	20s	100	1	602
r	46	1091	10	10	0	0	20s	100	1	602
r	60	1133	10	10	0	0	20s	100	1	602
r	67	1161	10	10	0	0	20s	100	1	602
r	70	1172	10	10	0	0	20s	100	1	602
r	89	1171	10	10	0	0	20s	100	1	602
r	88	1188	10	10	0	0	20s	100	1	602
r	117	1174	10	10	0	0	20s	100	1	602
r	118	1171	10	10	0	0	20s	100	1	602
r	119	1169	10	10	0	0	20s	100	1	602
r	115	1180	10	10	0	0	20s	100	1	602
r	255	1100	10	10	0	0	20s	100	1	602
r	256	1090	10	10	0	0	20s	100	1	602
r	260	1113	10	10	0	0	20s	100	1	602
r	238	1136	10	10	0	0	20s	100	1	602
r	273	1163	10	10	0	0	20s	100	1	602
r	255	1178	10	10	0	0	20s	100	1	602
r	274	1187	10	10	0	0	20s	100	1	602
r	255	1206	10	10	0	0	20s	100	1	602
r	269	1214	10	10	0	0	20s	100	1	602
r	259	1221	10	10	0	0	20s	100	1	602
r	261	1220	10	10	0	0	20s	100	1	602
r	249	1204	10	10	0	0	20s	100	1	602
r	256	1173	10	10	0	0	20s	100	1	602
r	264	1161	10	10	0	0	20s	100	1	602
r	234	1138	10	10	0	0	20s	100	1	602
r	304	1166	10	10	0	0	20s	100	1	602
r	320	1160	10	10	0	0	20s	100	1	602
r	325	1146	10	10	0	0	20s	100	1	602
r	343	1130	10	10	0	0	20s	100	1	602
r	370	1138	10	10	0	0	20s	100	1	602
r	386	1126	10	10	0	0	20s	100	1	602
r	397	1111	10	10	0	0	20s	100	1	602
r	393	1103	10	10	0	0	20s	100	1	602
r	354	1098	10	10	0	0	20s	100	1	602
r	365	1113	10	10	0	0	20s	100	1	602
r	407	1094	10	10	0	0	20s	100	1	602
r	370	1076	10	10	0	0	20s	100	1	602
r	386	1145	10	10	0	0	20s	100	1	602
r	399	1153	10	10	0	0	20s	100	1	602
r	361	1163	10	10	0	0	20s	100	1	602
r	409	1189	10	10	0	0	20s	100	1	602
r	423	1183	10	10	0	0	20s	100	1	602
r	430	1178	10	10	0	0	20s	100	1	602
r	364	1169	10	10	0	0	20s	100	1	602
r	424	1195	10	10	0	0	20s	100	1	602
r	456	1221	10	10	0	0	20s	100	1	602
r	458	1226	10	10	0	0	20s	100	1	602
r	427	1240	10	10	0	0	20s	100	1	602
r	394	1246	10	10	0	0	20s	100	1	602
r	388	1247	10	10	0	0	20s	100	1	602
r	426	1254	10	10	0	0	20s	100	1	602
r	458	1242	10	10	0	0	20s	100	1	602
r	463	1223	10	10	0	0	20s	100	1	602
r	432	1197	10	10	0	0	20s	100	1	602
r	437	1187	10	10	0	0	20s	100	1	602
r	446	1146	10	10	0	0	20s	100	1	602
r	460	1124	10	10	0	0	20s	100	1	602
r	444	1112	10	10	0	0	20s	100	1	602
r	435	1099	10	10	0	0	20s	100	1	602
r	440	1077	10	10	0	0	20s	100	1	602
r	425	1057	10	10	0	0	20s	100	1	602
r	419	1071	10	10	0	0	20s	100	1	602
r	408	1086	10	10	0	0	20s	100	1	602
r	380	1088	10	10	0	0	20s	100	1	602
r	352	1091	10	10	0	0	20s	100	1	602
r	340	1095	10	10	0	0	20s	100	1	602
r	197	1088	10	10	0	0	20s	100	1	602
r	215	1085	10	10	0	0	20s	100	1	602
r	213	1105	10	10	0	0	20s	100	1	602
r	208	1107	10	10	0	0	20s	100	1	602
r	207	1103	10	10	0	0	20s	100	1	602
r	177	1090	10	10	0	0	20s	100	1	602
r	166	1093	10	10	0	0	20s	100	1	602
r	144	1088	10	10	0	0	20s	100	1	602
r	126	1074	10	10	0	0	20s	100	1	602
r	122	1084	10	10	0	0	20s	100	1	602
r	138	1087	10	10	0	0	20s	100	1	602
r	152	1091	10	10	0	0	20s	100	1	602
r	146	1103	10	10	0	0	20s	100	1	602
r	150	1117	10	10	0	0	20s	100	1	602
r	166	1121	10	10	0	0	20s	100	1	602
r	168	1121	10	10	0	0	20s	100	1	602
r	139	1127	10	10	0	0	20s	100	1	602
r	209	1150	10	10	0	0	20s	100	1	602
r	208	1155	10	10	0	0	20s	100	1	602
r	176	1162	10	10	0	0	20s	100	1	602
r	160	1149	10	10	0	0	20s	100	1	602
r	72	1170	10	10	0	0	20s	100	1	602
r	91	1190	10	10	0	0	20s	100	1	602
r	83	1210	10	10	0	0	20s	100	1	602
r	91	1232	10	10	0	0	20s	100	1	602
r	91	1235	10	10	0	0	20s	100	1	602
r	75	1145	10	10	0	0	20s	100	1	602
r	74	1116	10	10	0	0	20s	100	1	602
r	89	1099	10	10	0	0	20s	100	1	602
r	90	1081	10	10	0	0	20s	100	1	602
r	82	1084	10	10	0	0	20s	100	1	602
r	48	1117	10	10	0	0	20s	100	1	602
r	37	1136	10	10	0	0	20s	100	1	602
r	41	1176	10	10	0	0	20s	100	1	602
r	32	1220	10	10	0	0	20s	100	1	602
r	39	1233	10	10	0	0	20s	100	1	602
r	391	1168	10	10	0	0	20s	100	1	602
r	88	942	10	10	0	0	20s	100	1	601
r	84	971	10	10	0	0	20s	100	1	601
r	99	1004	10	10	0	0	20s	100	1	601
r	83	1011	10	10	0	0	20s	100	1	601
r	109	1032	10	10	0	0	20s	100	1	601
r	103	1045	10	10	0	0	20s	100	1	601
r	91	1084	10	10	0	0	20s	100	1	601
r	96	1100	10	10	0	0	20s	100	1	601
r	144	1081	10	10	0	0	20s	100	1	601
r	141	1103	10	10	0	0	20s	100	1	601
r	133	1119	10	10	0	0	20s	100	1	601
r	179	1128	10	10	0	0	20s	100	1	601
r	188	1125	10	10	0	0	20s	100	1	601
r	151	1140	10	10	0	0	20s	100	1	601
r	117	1157	10	10	0	0	20s	100	1	601
r	106	1174	10	10	0	0	20s	100	1	601
r	76	1180	10	10	0	0	20s	100	1	601
r	69	1158	10	10	0	0	20s	100	1	601
r	79	1188	10	10	0	0	20s	100	1	601
r	27	1222	10	10	0	0	20s	100	1	601
r	68	1237	10	10	0	0	20s	100	1	601
r	119	1257	10	10	0	0	20s	100	1	601
r	422	1159	10	10	0	0	20s	100	1	601
r	390	1170	10	10	0	0	20s	100	1	601
r	377	1124	10	10	0	0	20s	100	1	601
r	416	1098	10	10	0	0	20s	100	1	601
r	397	1067	10	10	0	0	20s	100	1	601
r	415	1065	10	10	0	0	20s	100	1	601
r	436	1058	10	10	0	0	20s	100	1	601
r	441	1081	10	10	0	0	20s	100	1	601
r	442	1122	10	10	0	0	20s	100	1	601
r	462	1121	10	10	0	0	20s	100	1	601
r	468	1157	10	10	0	0	20s	100	1	601
r	463	1180	10	10	0	0	20s	100	1	601
r	459	1211	10	10	0	0	20s	100	1	601
r	467	1240	10	10	0	0	20s	100	1	601
r	468	1248	10	10	0	0	20s	100	1	601
r	275	1124	10	10	0	0	20s	100	1	601
r	256	1146	10	10	0	0	20s	100	1	601
r	254	1174	10	10	0	0	20s	100	1	601
r	252	1158	10	10	0	0	20s	100	1	601
r	254	1127	10	10	0	0	20s	100	1	601
r	259	1148	10	10	0	0	20s	100	1	601
r	258	1210	10	10	0	0	20s	100	1	601
r	258	1210	10	10	0	0	20s	100	1	601
r	265	1084	10	10	0	0	20s	100	1	601
r	249	1036	10	10	0	0	20s	100	1	601
r	249	1031	10	10	0	0	20s	100	1	601
r	267	1001	10	10	0	0	20s	100	1	601
r	256	984	10	10	0	0	20s	100	1	601
r	252	959	10	10	0	0	20s	100	1	601
r	255	934	10	10	0	0	20s	100	1	601
r	254	922	10	10	0	0	20s	100	1	601
r	327	1027	10	10	0	0	20s	100	1	601
r	320	1021	10	10	0	0	20s	100	1	601
r	315	1010	10	10	0	0	20s	100	1	601
r	306	1024	10	10	0	0	20s	100	1	601
r	366	1023	10	10	0	0	20s	100	1	601
r	371	1019	10	10	0	0	20s	100	1	601
r	335	1009	10	10	0	0	20s	100	1	601
r	327	1009	10	10	0	0	20s	100	1	601
r	323	925	10	10	0	0	20s	100	1	601
r	358	925	10	10	0	0	20s	100	1	601
r	338	930	10	10	0	0	20s	100	1	601
r	310	935	10	10	0	0	20s	100	1	601
r	318	943	10	10	0	0	20s	100	1	601
r	346	953	10	10	0	0	20s	100	1	601
r	325	924	10	10	0	0	20s	100	1	601
r	323	927	10	10	0	0	20s	100	1	601
r	348	932	10	10	0	0	20s	100	1	601
r	337	926	10	10	0	0	20s	100	1	601
r	341	921	10	10	0	0	20s	100	1	601
r	429	923	10	10	0	0	20s	100	1	601
r	401	926	10	10	0	0	20s	100	1	601
r	458	946	10	10	0	0	20s	100	1	601
r	466	934	10	10	0	0	20s	100	1	601
r	461	937	10	10	0	0	20s	100	1	601
r	461	1009	10	10	0	0	20s	100	1	601
r	424	1011	10	10	0	0	20s	100	1	601
r	414	1016	10	10	0	0	20s	100	1	601
r	181	879	10	10	0	0	20s	100	1	601
r	147	872	10	10	0	0	20s	100	1	601
r	175	854	10	10	0	0	20s	100	1	601
r	161	838	10	10	0	0	20s	100	1	601
r	141	836	10	10	0	0	20s	100	1	601
r	138	836	10	10	0	0	20s	100	1	601
r	158	799	10	10	0	0	20s	100	1	601
r	218	796	10	10	0	0	20s	100	1	601
r	194	812	10	10	0	0	20s	100	1	601
r	171	815	10	10	0	0	20s	100	1	601
r	155	790	10	10	0	0	20s	100	1	601
r	182	841	10	10	0	0	20s	100	1	601
r	217	830	10	10	0	0	20s	100	1	601
r	167	873	10	10	0	0	20s	100	1	601
r	155	872	10	10	0	0	20s	100	1	601
r	149	811	10	10	0	0	20s	100	1	601
r	148	792	10	10	0	0	20s	100	1	601
r	211	819	10	10	0	0	20s	100	1	601
r	279	822	10	10	0	0	20s	100	1	601
r	305	813	10	10	0	0	20s	100	1	601
r	278	823	10	10	0	0	20s	100	1	601
r	317	849	10	10	0	0	20s	100	1	601
r	317	863	10	10	0	0	20s	100	1	601
r	350	863	10	10	0	0	20s	100	1	601
r	344	836	10	10	0	0	20s	100	1	601
r	306	800	10	10	0	0	20s	100	1	601
r	352	803	10	10	0	0	20s	100	1	601
r	363	803	10	10	0	0	20s	100	1	601
r	336	857	10	10	0	0	20s	100	1	601
r	387	857	10	10	0	0	20s	100	1	601
r	375	855	10	10	0	0	20s	100	1	601
r	332	830	10	10	0	0	20s	100	1	601
r	375	863	10	10	0	0	20s	100	1	601
r	380	856	10	10	0	0	20s	100	1	601
r	395	810	10	10	0	0	20s	100	1	601
r	387	839	10	10	0	0	20s	100	1	601
r	402	859	10	10	0	0	20s	100	1	601
r	420	871	10	10	0	0	20s	100	1	601
r	457	870	10	10	0	0	20s	100	1	601
r	465	798	10	10	0	0	20s	100	1	601
r	416	784	10	10	0	0	20s	100	1	601
r	391	783	10	10	0	0	20s	100	1	601
r	393	761	10	10	0	0	20s	100	1	601
r	399	776	10	10	0	0	20s	100	1	601
r	350	771	10	10	0	0	20s	100	1	601
r	318	771	10	10	0	0	20s	100	1	601
r	294	767	10	10	0	0	20s	100	1	601
r	295	757	10	10	0	0	20s	100	1	601
r	98	776	10	10	0	0	20s	100	1	601
r	93	808	10	10	0	0	20s	100	1	601
r	118	827	10	10	0	0	20s	100	1	601
r	83	829	10	10	0	0	20s	100	1	601
r	102	868	10	10	0	0	20s	100	1	601
r	93	892	10	10	0	0	20s	100	1	601
r	76	906	10	10	0	0	20s	100	1	601
r	96	915	10	10	0	0	20s	100	1	601
r	92	924	10	10	0	0	20s	100	1	601
r	353	512	10	10	0	0	20s	100	1	601
r	382	493	10	10	0	0	20s	100	1	601
r	366	454	10	10	0	0	20s	100	1	601
r	371	414	10	10	0	0	20s	100	1	601
r	348	406	10	10	0	0	20s	100	1	601
r	326	412	10	10	0	0	20s	100	1	601
r	264	392	10	10	0	0	20s	100	1	601
r	208	394	10	10	0	0	20s	100	1	601
r	254	412	10	10	0	0	20s	100	1	601
r	262	414	10	10	0	0	20s	100	1	601
r	255	434	10	10	0	0	20s	100	1	601
r	235	444	10	10	0	0	20s	100	1	601
r	301	462	10	10	0	0	20s	100	1	601
r	257	456	10	10	0	0	20s	100	1	601
r	245	458	10	10	0	0	20s	100	1	601
r	221	493	10	10	0	0	20s	100	1	601
r	201	510	10	10	0	0	20s	100	1	601
r	175	511	10	10	0	0	20s	100	1	601
r	153	495	10	10	0	0	20s	100	1	601
r	147	457	10	10	0	0	20s	100	1	601
r	148	439	10	10	0	0	20s	100	1	601
r	159	411	10	10	0	0	20s	100	1	601
r	148	396	10	10	0	0	20s	100	1	601
r	146	389	10	10	0	0	20s	100	1	601
r	245	226	10	10	0	0	20s	100	1	601
r	203	239	10	10	0	0	20s	100	1	601
r	194	236	10	10	0	0	20s	100	1	601
r	114	216	10	10	0	0	20s	100	1	601
r	156	239	10	10	0	0	20s	100	1	601
r	141	221	10	10	0	0	20s	100	1	601
r	135	211	10	10	0	0	20s	100	1	601
r	145	167	10	10	0	0	20s	100	1	601
r	146	158	10	10	0	0	20s	100	1	601
r	142	151	10	10	0	0	20s	100	1	601
r	158	136	10	10	0	0	20s	100	1	601
r	143	115	10	10	0	0	20s	100	1	601
r	147	53	10	10	0	0	20s	100	1	601
r	188	62	10	10	0	0	20s	100	1	601
r	208	71	10	10	0	0	20s	100	1	601
r	236	67	10	10	0	0	20s	100	1	601
r	243	84	10	10	0	0	20s	100	1	601
r	234	98	10	10	0	0	20s	100	1	601
r	250	125	10	10	0	0	20s	100	1	601
r	211	134	10	10	0	0	20s	100	1	601
r	205	145	10	10	0	0	20s	100	1	601
r	235	155	10	10	0	0	20s	100	1	601
r	248	146	10	10	0	0	20s	100	1	601
r	235	186	10	10	0	0	20s	100	1	601
r	250	229	10	10	0	0	20s	100	1	601
r	250	230	10	10	0	0	20s	100	1	601
r	295	163	10	10	0	0	20s	100	1	601
r	314	163	10	10	0	0	20s	100	1	601
r	316	207	10	10	0	0	20s	100	1	601
r	352	231	10	10	0	0	20s	100	1	601
r	374	221	10	10	0	0	20s	100	1	601
r	396	209	10	10	0	0	20s	100	1	601
r	404	163	10	10	0	0	20s	100	1	601
r	395	121	10	10	0	0	20s	100	1	601
r	386	81	10	10	0	0	20s	100	1	601
r	329	78	10	10	0	0	20s	100	1	601
r	317	85	10	10	0	0	20s	100	1	601
r	135	1165	10	10	0	0	20s	100	1	601
r	175	1165	10	10	0	0	20s	100	1	601
r	199	1148	10	10	0	0	20s	100	1	601
r	195	1186	10	10	0	0	20s	100	1	601
r	216	1189	10	10	0	0	20s	100	1	601
r	224	1180	10	10	0	0	20s	100	1	601
r	211	1184	10	10	0	0	20s	100	1	601
r	91	1195	10	10	0	0	20s	100	1	601
r	79	1221	10	10	0	0	20s	100	1	601
r	84	1230	10	10	0	0	20s	100	1	601
r	31	1216	10	10	0	0	20s	100	1	601
r	33	1198	10	10	0	0	20s	100	1	601
r	41	1167	10	10	0	0	20s	100	1	601
r	36	1143	10	10	0	0	20s	100	1	601
r	45	1127	10	10	0	0	20s	100	1	601
r	36	1115	10	10	0	0	20s	100	1	601
r	373	1150	10	10	0	0	20s	100	1	601
r	413	1191	10	10	0	0	20s	100	1	601
r	399	1153	10	10	0	0	20s	100	1	601
r	384	1128	10	10	0	0	20s	100	1	601
r	408	1130	10	10	0	0	20s	100	1	601
r	405	1109	10	10	0	0	20s	100	1	601
r	373	1080	10	10	0	0	20s	100	1	601
r	373	1093	10	10	0	0	20s	100	1	601
r	398	1091	10	10	0	0	20s	100	1	601
r	416	1074	10	10	0	0	20s	100	1	601
r	458	1089	10	10	0	0	20s	100	1	601
r	455	1131	10	10	0	0	20s	100	1	601
r	473	1134	10	10	0	0	20s	100	1	601
r	330	1046	10	10	0	0	20s	100	1	601
r	353	1073	10	10	0	0	20s	100	1	601
r	336	1037	10	10	0	0	20s	100	1	601
r	336	1016	10	10	0	0	20s	100	1	601
r	334	994	10	10	0	0	20s	100	1	601
r	333	991	10	10	0	0	20s	100	1	601
r	355	1021	10	10	0	0	20s	100	1	601
r	364	1016	10	10	0	0	20s	100	1	601
r	304	1008	10	10	0	0	20s	100	1	601
r	298	1005	10	10	0	0	20s	100	1	601
r	167	1076	10	10	0	0	20s	100	1	601
r	173	1061	10	10	0	0	20s	100	1	601
r	173	1051	10	10	0	0	20s	100	1	601
r	169	1022	10	10	0	0	20s	100	1	601
r	173	1006	10	10	0	0	20s	100	1	601
r	175	991	10	10	0	0	20s	100	1	601
r	178	970	10	10	0	0	20s	100	1	601
r	170	946	10	10	0	0	20s	100	1	601
r	176	919	10	10	0	0	20s	100	1	601
r	170	907	10	10	0	0	20s	100	1	601
r	143	908	10	10	0	0	20s	100	1	601
r	142	925	10	10	0	0	20s	100	1	601
r	145	940	10	10	0	0	20s	100	1	601
r	137	961	10	10	0	0	20s	100	1	601
r	142	984	10	10	0	0	20s	100	1	601
r	137	1009	10	10	0	0	20s	100	1	601
r	143	1025	10	10	0	0	20s	100	1	601
r	138	1036	10	10	0	0	20s	100	1	601
r	169	1041	10	10	0	0	20s	100	1	601
r	195	1036	10	10	0	0	20s	100	1	601
r	203	1031	10	10	0	0	20s	100	1	601
r	203	1008	10	10	0	0	20s	100	1	601
r	211	986	10	10	0	0	20s	100	1	601
r	221	963	10	10	0	0	20s	100	1	601
r	205	935	10	10	0	0	20s	100	1	601
r	204	925	10	10	0	0	20s	100	1	601
r	204	921	10	10	0	0	20s	100	1	601
r	214	984	10	10	0	0	20s	100	1	601
r	213	1018	10	10	0	0	20s	100	1	601
r	200	1034	10	10	0	0	20s	100	1	601
r	212	1049	10	10	0	0	20s	100	1	601
r	219	1026	10	10	0	0	20s	100	1	602
r	220	1004	10	10	0	0	20s	100	1	602
r	211	977	10	10	0	0	20s	100	1	602
r	204	959	10	10	0	0	20s	100	1	602
r	212	939	10	10	0	0	20s	100	1	602
r	205	924	10	10	0	0	20s	100	1	602
r	176	925	10	10	0	0	20s	100	1	602
r	168	939	10	10	0	0	20s	100	1	602
r	173	970	10	10	0	0	20s	100	1	602
r	168	987	10	10	0	0	20s	100	1	602
r	171	1014	10	10	0	0	20s	100	1	602
r	164	1024	10	10	0	0	20s	100	1	602
r	151	1017	10	10	0	0	20s	100	1	602
r	144	976	10	10	0	0	20s	100	1	602
r	146	939	10	10	0	0	20s	100	1	602
r	141	925	10	10	0	0	20s	100	1	602
r	130	940	10	10	0	0	20s	100	1	602
r	209	851	10	10	0	0	20s	100	1	602
r	204	860	10	10	0	0	20s	100	1	602
r	211	875	10	10	0	0	20s	100	1	602
r	186	846	10	10	0	0	20s	100	1	602
r	174	822	10	10	0	0	20s	100	1	602
r	165	807	10	10	0	0	20s	100	1	602
r	110	817	10	10	0	0	20s	100	1	602
r	209	789	10	10	0	0	20s	100	1	602
r	180	800	10	10	0	0	20s	100	1	602
r	243	864	10	10	0	0	20s	100	1	602
r	333	852	10	10	0	0	20s	100	1	602
r	310	851	10	10	0	0	20s	100	1	602
r	306	862	10	10	0	0	20s	100	1	602
r	340	856	10	10	0	0	20s	100	1	602
r	338	811	10	10	0	0	20s	100	1	602
r	301	804	10	10	0	0	20s	100	1	602
r	333	806	10	10	0	0	20s	100	1	602
r	334	823	10	10	0	0	20s	100	1	602
r	126	1185	10	10	0	0	20s	100	1	602
r	359	1127	10	10	0	0	20s	100	1	602
r	321	1094	10	10	0	0	20s	100	1	602
r	311	1082	10	10	0	0	20s	100	1	602
r	300	1086	10	10	0	0	20s	100	1	602
r	295	1087	10	10	0	0	20s	100	1	602
r	192	1104	10	10	0	0	20s	100	1	602
