r	666	444	10	10	0	0	20s	100	1	101
r	679	428	10	10	0	0	20s	100	1	101
r	660	419	10	10	0	0	20s	100	1	101
r	683	406	10	10	0	0	20s	100	1	101
r	711	382	10	10	0	0	20s	100	1	101
r	707	363	10	10	0	0	20s	100	1	101
r	733	341	10	10	0	0	20s	100	1	101
r	701	334	10	10	0	0	20s	100	1	101
r	687	314	10	10	0	0	20s	100	1	101
r	680	301	10	10	0	0	20s	100	1	101
r	625	273	10	10	0	0	20s	100	1	101
r	626	245	10	10	0	0	20s	100	1	101
r	629	228	10	10	0	0	20s	100	1	101
r	584	235	10	10	0	0	20s	100	1	101
r	582	236	10	10	0	0	20s	100	1	101
r	589	248	10	10	0	0	20s	100	1	101
r	571	321	10	10	0	0	20s	100	1	101
r	567	311	10	10	0	0	20s	100	1	101
r	604	315	10	10	0	0	20s	100	1	101
r	611	362	10	10	0	0	20s	100	1	101
r	613	368	10	10	0	0	20s	100	1	101
r	553	357	10	10	0	0	20s	100	1	101
r	570	333	10	10	0	0	20s	100	1	101
r	591	325	10	10	0	0	20s	100	1	101
r	579	339	10	10	0	0	20s	100	1	101
r	567	361	10	10	0	0	20s	100	1	101
r	552	388	10	10	0	0	20s	100	1	101
r	539	401	10	10	0	0	20s	100	1	101
r	518	420	10	10	0	0	20s	100	1	101
r	540	442	10	10	0	0	20s	100	1	101
r	553	440	10	10	0	0	20s	100	1	101
r	553	439	10	10	0	0	20s	100	1	101
r	606	445	10	10	0	0	20s	100	1	101
r	622	444	10	10	0	0	20s	100	1	101
r	625	421	10	10	0	0	20s	100	1	101
r	630	400	10	10	0	0	20s	100	1	101
r	615	385	10	10	0	0	20s	100	1	101
r	506	433	10	10	0	0	20s	100	1	101
r	464	444	10	10	0	0	20s	100	1	101
r	442	443	10	10	0	0	20s	100	1	101
r	439	437	10	10	0	0	20s	100	1	101
r	523	339	10	10	0	0	20s	100	1	101
r	524	328	10	10	0	0	20s	100	1	101
r	534	302	10	10	0	0	20s	100	1	101
r	534	298	10	10	0	0	20s	100	1	101
r	554	198	10	10	0	0	20s	100	1	101
r	548	173	10	10	0	0	20s	100	1	101
r	587	171	10	10	0	0	20s	100	1	101
r	645	165	10	10	0	0	20s	100	1	101
r	696	161	10	10	0	0	20s	100	1	101
r	669	195	10	10	0	0	20s	100	1	101
r	647	213	10	10	0	0	20s	100	1	101
r	709	223	10	10	0	0	20s	100	1	101
r	728	220	10	10	0	0	20s	100	1	101
r	756	199	10	10	0	0	20s	100	1	101
r	778	190	10	10	0	0	20s	100	1	101
r	832	197	10	10	0	0	20s	100	1	101
r	818	213	10	10	0	0	20s	100	1	101
r	804	206	10	10	0	0	20s	100	1	101
r	806	211	10	10	0	0	20s	100	1	101
r	805	263	10	10	0	0	20s	100	1	101
r	784	282	10	10	0	0	20s	100	1	101
r	793	297	10	10	0	0	20s	100	1	101
r	804	314	10	10	0	0	20s	100	1	101
r	826	297	10	10	0	0	20s	100	1	101
r	855	275	10	10	0	0	20s	100	1	101
r	863	266	10	10	0	0	20s	100	1	101
r	873	251	10	10	0	0	20s	100	1	101
r	886	878	10	10	0	0	20s	100	1	101
r	875	881	10	10	0	0	20s	100	1	101
r	904	914	10	10	0	0	20s	100	1	101
r	929	948	10	10	0	0	20s	100	1	101
r	925	960	10	10	0	0	20s	100	1	101
r	911	989	10	10	0	0	20s	100	1	101
r	911	989	10	10	0	0	20s	100	1	101
r	863	950	10	10	0	0	20s	100	1	101
r	844	938	10	10	0	0	20s	100	1	101
r	840	932	10	10	0	0	20s	100	1	101
r	746	959	10	10	0	0	20s	100	1	101
r	731	949	10	10	0	0	20s	100	1	101
r	701	938	10	10	0	0	20s	100	1	101
r	676	932	10	10	0	0	20s	100	1	101
r	748	944	10	10	0	0	20s	100	1	101
r	761	936	10	10	0	0	20s	100	1	101
r	762	939	10	10	0	0	20s	100	1	101
r	768	900	10	10	0	0	20s	100	1	101
r	783	886	10	10	0	0	20s	100	1	101
r	754	903	10	10	0	0	20s	100	1	101
r	693	895	10	10	0	0	20s	100	1	101
r	677	898	10	10	0	0	20s	100	1	101
r	691	896	10	10	0	0	20s	100	1	101
r	714	902	10	10	0	0	20s	100	1	101
r	720	903	10	10	0	0	20s	100	1	101
r	594	928	10	10	0	0	20s	100	1	101
r	573	912	10	10	0	0	20s	100	1	101
r	553	910	10	10	0	0	20s	100	1	101
r	537	918	10	10	0	0	20s	100	1	101
r	527	916	10	10	0	0	20s	100	1	101
r	498	925	10	10	0	0	20s	100	1	101
r	497	912	10	10	0	0	20s	100	1	101
r	476	871	10	10	0	0	20s	100	1	101
r	463	866	10	10	0	0	20s	100	1	101
r	461	850	10	10	0	0	20s	100	1	101
r	444	844	10	10	0	0	20s	100	1	101
r	450	827	10	10	0	0	20s	100	1	101
r	446	820	10	10	0	0	20s	100	1	101
r	497	834	10	10	0	0	20s	100	1	101
r	506	822	10	10	0	0	20s	100	1	101
r	487	817	10	10	0	0	20s	100	1	101
r	474	815	10	10	0	0	20s	100	1	101
r	460	796	10	10	0	0	20s	100	1	101
r	460	793	10	10	0	0	20s	100	1	101
r	446	762	10	10	0	0	20s	100	1	101
r	457	748	10	10	0	0	20s	100	1	101
r	465	745	10	10	0	0	20s	100	1	101
r	470	745	10	10	0	0	20s	100	1	101
r	476	764	10	10	0	0	20s	100	1	101
r	487	706	10	10	0	0	20s	100	1	101
r	482	700	10	10	0	0	20s	100	1	101
r	454	713	10	10	0	0	20s	100	1	101
r	454	731	10	10	0	0	20s	100	1	101
r	401	757	10	10	0	0	20s	100	1	101
r	425	715	10	10	0	0	20s	100	1	101
r	418	689	10	10	0	0	20s	100	1	101
r	405	684	10	10	0	0	20s	100	1	101
r	397	657	10	10	0	0	20s	100	1	101
r	410	614	10	10	0	0	20s	100	1	101
r	417	602	10	10	0	0	20s	100	1	101
r	429	579	10	10	0	0	20s	100	1	101
r	388	551	10	10	0	0	20s	100	1	101
r	372	563	10	10	0	0	20s	100	1	101
r	368	565	10	10	0	0	20s	100	1	101
r	272	678	10	10	0	0	20s	100	1	101
r	319	691	10	10	0	0	20s	100	1	101
r	348	688	10	10	0	0	20s	100	1	101
r	334	691	10	10	0	0	20s	100	1	101
r	283	715	10	10	0	0	20s	100	1	101
r	299	742	10	10	0	0	20s	100	1	101
r	329	744	10	10	0	0	20s	100	1	101
r	354	719	10	10	0	0	20s	100	1	101
r	348	744	10	10	0	0	20s	100	1	101
r	307	773	10	10	0	0	20s	100	1	101
r	329	787	10	10	0	0	20s	100	1	101
r	339	791	10	10	0	0	20s	100	1	101
r	270	812	10	10	0	0	20s	100	1	101
r	268	821	10	10	0	0	20s	100	1	101
r	384	906	10	10	0	0	20s	100	1	101
r	408	934	10	10	0	0	20s	100	1	101
r	380	977	10	10	0	0	20s	100	1	101
r	370	1004	10	10	0	0	20s	100	1	101
r	446	1014	10	10	0	0	20s	100	1	101
r	473	1032	10	10	0	0	20s	100	1	101
r	516	1014	10	10	0	0	20s	100	1	101
r	541	993	10	10	0	0	20s	100	1	101
r	501	999	10	10	0	0	20s	100	1	101
r	569	982	10	10	0	0	20s	100	1	101
r	574	961	10	10	0	0	20s	100	1	101
r	569	951	10	10	0	0	20s	100	1	101
r	596	974	10	10	0	0	20s	100	1	101
r	676	1008	10	10	0	0	20s	100	1	101
r	662	1042	10	10	0	0	20s	100	1	101
r	678	1044	10	10	0	0	20s	100	1	101
r	649	1029	10	10	0	0	20s	100	1	101
r	640	1001	10	10	0	0	20s	100	1	101
r	655	963	10	10	0	0	20s	100	1	101
r	709	987	10	10	0	0	20s	100	1	101
r	748	972	10	10	0	0	20s	100	1	101
r	773	989	10	10	0	0	20s	100	1	101
r	831	983	10	10	0	0	20s	100	1	101
r	845	998	10	10	0	0	20s	100	1	101
r	869	1002	10	10	0	0	20s	100	1	101
r	891	947	10	10	0	0	20s	100	1	101
r	896	1128	10	10	0	0	20s	100	1	101
r	891	1163	10	10	0	0	20s	100	1	101
r	886	1190	10	10	0	0	20s	100	1	101
r	882	1199	10	10	0	0	20s	100	1	101
r	811	1215	10	10	0	0	20s	100	1	101
r	734	1215	10	10	0	0	20s	100	1	101
r	667	1196	10	10	0	0	20s	100	1	101
r	650	1174	10	10	0	0	20s	100	1	101
r	663	1160	10	10	0	0	20s	100	1	101
r	657	1149	10	10	0	0	20s	100	1	101
r	381	557	10	10	0	0	20s	100	1	101
r	391	569	10	10	0	0	20s	100	1	101
r	403	998	10	10	0	0	20s	100	1	101
r	399	979	10	10	0	0	20s	100	1	101
r	440	1186	10	10	0	0	20s	100	1	101
r	487	1217	10	10	0	0	20s	100	1	101
r	524	1201	10	10	0	0	20s	100	1	101
r	573	1215	10	10	0	0	20s	100	1	101
r	593	1227	10	10	0	0	20s	100	1	101
r	642	1244	10	10	0	0	20s	100	1	101
r	691	1229	10	10	0	0	20s	100	1	101
r	576	1118	10	10	0	0	20s	100	1	101
r	553	1093	10	10	0	0	20s	100	1	101
r	516	1115	10	10	0	0	20s	100	1	101
r	342	1275	10	10	0	0	20s	100	1	101
r	332	1242	10	10	0	0	20s	100	1	101
r	309	1184	10	10	0	0	20s	100	1	101
r	299	1165	10	10	0	0	20s	100	1	101
r	289	1114	10	10	0	0	20s	100	1	101
r	289	1107	10	10	0	0	20s	100	1	101
r	282	1129	10	10	0	0	20s	100	1	101
r	285	1139	10	10	0	0	20s	100	1	101
r	331	1106	10	10	0	0	20s	100	1	101
r	326	1090	10	10	0	0	20s	100	1	101
r	439	687	10	10	0	0	20s	100	1	102
r	400	704	10	10	0	0	20s	100	1	102
r	445	655	10	10	0	0	20s	100	1	102
r	434	657	10	10	0	0	20s	100	1	102
r	422	667	10	10	0	0	20s	100	1	102
r	418	621	10	10	0	0	20s	100	1	102
r	416	602	10	10	0	0	20s	100	1	102
r	439	579	10	10	0	0	20s	100	1	102
r	424	569	10	10	0	0	20s	100	1	102
r	376	575	10	10	0	0	20s	100	1	102
r	409	537	10	10	0	0	20s	100	1	102
r	402	557	10	10	0	0	20s	100	1	102
r	399	567	10	10	0	0	20s	100	1	102
r	454	455	10	10	0	0	20s	100	1	102
r	433	460	10	10	0	0	20s	100	1	102
r	428	435	10	10	0	0	20s	100	1	102
r	409	453	10	10	0	0	20s	100	1	102
r	408	454	10	10	0	0	20s	100	1	102
r	377	477	10	10	0	0	20s	100	1	102
r	367	484	10	10	0	0	20s	100	1	102
r	408	495	10	10	0	0	20s	100	1	102
r	419	497	10	10	0	0	20s	100	1	102
r	508	451	10	10	0	0	20s	100	1	102
r	500	458	10	10	0	0	20s	100	1	102
r	514	434	10	10	0	0	20s	100	1	102
r	528	419	10	10	0	0	20s	100	1	102
r	542	413	10	10	0	0	20s	100	1	102
r	615	399	10	10	0	0	20s	100	1	102
r	621	414	10	10	0	0	20s	100	1	102
r	621	422	10	10	0	0	20s	100	1	102
r	668	422	10	10	0	0	20s	100	1	102
r	685	421	10	10	0	0	20s	100	1	102
r	724	363	10	10	0	0	20s	100	1	102
r	710	363	10	10	0	0	20s	100	1	102
r	710	343	10	10	0	0	20s	100	1	102
r	685	309	10	10	0	0	20s	100	1	102
r	665	295	10	10	0	0	20s	100	1	102
r	648	305	10	10	0	0	20s	100	1	102
r	659	317	10	10	0	0	20s	100	1	102
r	655	330	10	10	0	0	20s	100	1	102
r	631	352	10	10	0	0	20s	100	1	102
r	629	332	10	10	0	0	20s	100	1	102
r	630	322	10	10	0	0	20s	100	1	102
r	618	292	10	10	0	0	20s	100	1	102
r	648	276	10	10	0	0	20s	100	1	102
r	636	250	10	10	0	0	20s	100	1	102
r	628	228	10	10	0	0	20s	100	1	102
r	654	214	10	10	0	0	20s	100	1	102
r	669	215	10	10	0	0	20s	100	1	102
r	643	181	10	10	0	0	20s	100	1	102
r	629	172	10	10	0	0	20s	100	1	102
r	606	178	10	10	0	0	20s	100	1	102
r	577	163	10	10	0	0	20s	100	1	102
r	638	160	10	10	0	0	20s	100	1	102
r	672	161	10	10	0	0	20s	100	1	102
r	684	169	10	10	0	0	20s	100	1	102
r	850	169	10	10	0	0	20s	100	1	102
r	840	182	10	10	0	0	20s	100	1	102
r	861	199	10	10	0	0	20s	100	1	102
r	868	218	10	10	0	0	20s	100	1	102
r	878	245	10	10	0	0	20s	100	1	102
r	858	268	10	10	0	0	20s	100	1	102
r	838	285	10	10	0	0	20s	100	1	102
r	820	301	10	10	0	0	20s	100	1	102
r	808	271	10	10	0	0	20s	100	1	102
r	797	267	10	10	0	0	20s	100	1	102
r	797	240	10	10	0	0	20s	100	1	102
r	812	227	10	10	0	0	20s	100	1	102
r	818	250	10	10	0	0	20s	100	1	102
r	821	254	10	10	0	0	20s	100	1	102
r	787	217	10	10	0	0	20s	100	1	102
r	773	213	10	10	0	0	20s	100	1	102
r	735	208	10	10	0	0	20s	100	1	102
r	714	227	10	10	0	0	20s	100	1	102
r	708	243	10	10	0	0	20s	100	1	102
r	710	253	10	10	0	0	20s	100	1	102
r	709	301	10	10	0	0	20s	100	1	102
r	727	314	10	10	0	0	20s	100	1	102
r	747	313	10	10	0	0	20s	100	1	102
r	742	368	10	10	0	0	20s	100	1	102
r	746	367	10	10	0	0	20s	100	1	102
r	759	383	10	10	0	0	20s	100	1	102
r	761	385	10	10	0	0	20s	100	1	102
r	861	900	10	10	0	0	20s	100	1	102
r	894	941	10	10	0	0	20s	100	1	102
r	912	955	10	10	0	0	20s	100	1	102
r	916	976	10	10	0	0	20s	100	1	102
r	927	1015	10	10	0	0	20s	100	1	102
r	904	1058	10	10	0	0	20s	100	1	102
r	899	1083	10	10	0	0	20s	100	1	102
r	897	1122	10	10	0	0	20s	100	1	102
r	888	1149	10	10	0	0	20s	100	1	102
r	897	1185	10	10	0	0	20s	100	1	102
r	889	1185	10	10	0	0	20s	100	1	102
r	859	1106	10	10	0	0	20s	100	1	102
r	849	1102	10	10	0	0	20s	100	1	102
r	839	1126	10	10	0	0	20s	100	1	102
r	831	1143	10	10	0	0	20s	100	1	102
r	689	1217	10	10	0	0	20s	100	1	102
r	672	1215	10	10	0	0	20s	100	1	102
r	696	1205	10	10	0	0	20s	100	1	102
r	701	1184	10	10	0	0	20s	100	1	102
r	680	1202	10	10	0	0	20s	100	1	102
r	755	1200	10	10	0	0	20s	100	1	102
r	735	1181	10	10	0	0	20s	100	1	102
r	720	1190	10	10	0	0	20s	100	1	102
r	718	1147	10	10	0	0	20s	100	1	102
r	702	1125	10	10	0	0	20s	100	1	102
r	694	1135	10	10	0	0	20s	100	1	102
r	700	1103	10	10	0	0	20s	100	1	102
r	681	1067	10	10	0	0	20s	100	1	102
r	675	1056	10	10	0	0	20s	100	1	102
r	662	1069	10	10	0	0	20s	100	1	102
r	645	1064	10	10	0	0	20s	100	1	102
r	650	1050	10	10	0	0	20s	100	1	102
r	686	1019	10	10	0	0	20s	100	1	102
r	673	998	10	10	0	0	20s	100	1	102
r	648	981	10	10	0	0	20s	100	1	102
r	647	979	10	10	0	0	20s	100	1	102
r	500	998	10	10	0	0	20s	100	1	102
r	553	1015	10	10	0	0	20s	100	1	102
r	606	992	10	10	0	0	20s	100	1	102
r	469	1017	10	10	0	0	20s	100	1	102
r	445	1012	10	10	0	0	20s	100	1	102
r	419	956	10	10	0	0	20s	100	1	102
r	407	978	10	10	0	0	20s	100	1	102
r	401	957	10	10	0	0	20s	100	1	102
r	384	919	10	10	0	0	20s	100	1	102
r	371	971	10	10	0	0	20s	100	1	102
r	366	1014	10	10	0	0	20s	100	1	102
r	343	997	10	10	0	0	20s	100	1	102
r	339	983	10	10	0	0	20s	100	1	102
r	416	1094	10	10	0	0	20s	100	1	102
r	473	1189	10	10	0	0	20s	100	1	102
r	430	1216	10	10	0	0	20s	100	1	102
r	418	1217	10	10	0	0	20s	100	1	102
r	409	1213	10	10	0	0	20s	100	1	102
r	375	1197	10	10	0	0	20s	100	1	102
r	370	1198	10	10	0	0	20s	100	1	102
r	434	1159	10	10	0	0	20s	100	1	102
r	444	1108	10	10	0	0	20s	100	1	102
r	447	1094	10	10	0	0	20s	100	1	102
r	468	1109	10	10	0	0	20s	100	1	102
r	455	461	10	10	0	0	20s	100	1	103
r	511	408	10	10	0	0	20s	100	1	103
r	529	421	10	10	0	0	20s	100	1	103
r	541	432	10	10	0	0	20s	100	1	103
r	586	442	10	10	0	0	20s	100	1	103
r	600	444	10	10	0	0	20s	100	1	103
r	646	425	10	10	0	0	20s	100	1	103
r	682	409	10	10	0	0	20s	100	1	103
r	471	399	10	10	0	0	20s	100	1	103
r	469	387	10	10	0	0	20s	100	1	103
r	483	383	10	10	0	0	20s	100	1	103
r	496	374	10	10	0	0	20s	100	1	103
r	483	398	10	10	0	0	20s	100	1	103
r	454	430	10	10	0	0	20s	100	1	103
r	444	423	10	10	0	0	20s	100	1	103
r	577	302	10	10	0	0	20s	100	1	103
r	583	301	10	10	0	0	20s	100	1	103
r	562	269	10	10	0	0	20s	100	1	103
r	550	258	10	10	0	0	20s	100	1	103
r	541	221	10	10	0	0	20s	100	1	103
r	535	200	10	10	0	0	20s	100	1	103
r	554	177	10	10	0	0	20s	100	1	103
r	577	179	10	10	0	0	20s	100	1	103
r	608	157	10	10	0	0	20s	100	1	103
r	637	155	10	10	0	0	20s	100	1	103
r	693	157	10	10	0	0	20s	100	1	103
r	829	150	10	10	0	0	20s	100	1	103
r	828	171	10	10	0	0	20s	100	1	103
r	842	180	10	10	0	0	20s	100	1	103
r	843	268	10	10	0	0	20s	100	1	103
r	790	290	10	10	0	0	20s	100	1	103
r	785	298	10	10	0	0	20s	100	1	103
r	812	324	10	10	0	0	20s	100	1	103
r	780	335	10	10	0	0	20s	100	1	103
r	778	327	10	10	0	0	20s	100	1	103
r	724	326	10	10	0	0	20s	100	1	103
r	714	344	10	10	0	0	20s	100	1	103
r	723	359	10	10	0	0	20s	100	1	103
r	742	368	10	10	0	0	20s	100	1	103
r	702	382	10	10	0	0	20s	100	1	103
r	696	388	10	10	0	0	20s	100	1	103
r	727	405	10	10	0	0	20s	100	1	103
r	860	896	10	10	0	0	20s	100	1	103
r	895	917	10	10	0	0	20s	100	1	103
r	896	929	10	10	0	0	20s	100	1	103
r	917	942	10	10	0	0	20s	100	1	103
r	898	977	10	10	0	0	20s	100	1	103
r	851	983	10	10	0	0	20s	100	1	103
r	855	964	10	10	0	0	20s	100	1	103
r	873	1007	10	10	0	0	20s	100	1	103
r	879	1026	10	10	0	0	20s	100	1	103
r	904	1031	10	10	0	0	20s	100	1	103
r	926	1013	10	10	0	0	20s	100	1	103
r	895	1016	10	10	0	0	20s	100	1	103
r	891	1018	10	10	0	0	20s	100	1	103
r	907	1055	10	10	0	0	20s	100	1	103
r	900	1093	10	10	0	0	20s	100	1	103
r	884	1098	10	10	0	0	20s	100	1	103
r	886	1122	10	10	0	0	20s	100	1	103
r	893	1150	10	10	0	0	20s	100	1	103
r	854	1193	10	10	0	0	20s	100	1	103
r	878	1216	10	10	0	0	20s	100	1	103
r	874	1231	10	10	0	0	20s	100	1	103
r	877	1227	10	10	0	0	20s	100	1	103
r	889	1191	10	10	0	0	20s	100	1	103
r	860	1191	10	10	0	0	20s	100	1	103
r	812	1205	10	10	0	0	20s	100	1	103
r	785	1201	10	10	0	0	20s	100	1	103
r	806	1231	10	10	0	0	20s	100	1	103
r	828	1210	10	10	0	0	20s	100	1	103
r	745	1232	10	10	0	0	20s	100	1	103
r	692	1190	10	10	0	0	20s	100	1	103
r	715	1211	10	10	0	0	20s	100	1	103
r	673	1191	10	10	0	0	20s	100	1	103
r	667	1133	10	10	0	0	20s	100	1	103
r	694	1138	10	10	0	0	20s	100	1	103
r	648	1095	10	10	0	0	20s	100	1	103
r	673	1041	10	10	0	0	20s	100	1	103
r	639	1068	10	10	0	0	20s	100	1	103
r	638	1068	10	10	0	0	20s	100	1	103
r	609	1092	10	10	0	0	20s	100	1	103
r	567	1104	10	10	0	0	20s	100	1	103
r	563	1108	10	10	0	0	20s	100	1	103
r	597	1148	10	10	0	0	20s	100	1	103
r	562	1115	10	10	0	0	20s	100	1	103
r	560	1131	10	10	0	0	20s	100	1	103
r	610	1124	10	10	0	0	20s	100	1	103
r	555	1137	10	10	0	0	20s	100	1	103
r	539	1102	10	10	0	0	20s	100	1	103
r	532	1095	10	10	0	0	20s	100	1	103
r	504	1055	10	10	0	0	20s	100	1	103
r	508	1035	10	10	0	0	20s	100	1	103
r	440	1001	10	10	0	0	20s	100	1	103
r	439	1029	10	10	0	0	20s	100	1	103
r	394	1044	10	10	0	0	20s	100	1	103
r	440	1028	10	10	0	0	20s	100	1	103
r	432	1065	10	10	0	0	20s	100	1	103
r	414	1071	10	10	0	0	20s	100	1	103
r	418	1116	10	10	0	0	20s	100	1	103
r	433	1136	10	10	0	0	20s	100	1	103
r	410	1150	10	10	0	0	20s	100	1	103
r	434	1192	10	10	0	0	20s	100	1	103
r	436	1192	10	10	0	0	20s	100	1	103
r	424	1208	10	10	0	0	20s	100	1	103
r	478	1230	10	10	0	0	20s	100	1	103
r	456	1255	10	10	0	0	20s	100	1	103
r	373	1243	10	10	0	0	20s	100	1	103
r	335	1218	10	10	0	0	20s	100	1	103
r	292	1218	10	10	0	0	20s	100	1	103
r	280	1182	10	10	0	0	20s	100	1	103
r	271	1130	10	10	0	0	20s	100	1	103
r	283	1096	10	10	0	0	20s	100	1	103
r	321	1045	10	10	0	0	20s	100	1	103
r	306	1017	10	10	0	0	20s	100	1	103
r	293	978	10	10	0	0	20s	100	1	103
r	280	954	10	10	0	0	20s	100	1	103
r	296	939	10	10	0	0	20s	100	1	103
r	264	908	10	10	0	0	20s	100	1	103
r	299	968	10	10	0	0	20s	100	1	103
r	278	904	10	10	0	0	20s	100	1	103
r	281	878	10	10	0	0	20s	100	1	103
r	279	841	10	10	0	0	20s	100	1	103
r	297	826	10	10	0	0	20s	100	1	103
r	256	837	10	10	0	0	20s	100	1	103
r	272	820	10	10	0	0	20s	100	1	103
r	278	796	10	10	0	0	20s	100	1	103
r	304	763	10	10	0	0	20s	100	1	103
r	289	718	10	10	0	0	20s	100	1	103
r	288	702	10	10	0	0	20s	100	1	103
r	328	685	10	10	0	0	20s	100	1	103
r	369	708	10	10	0	0	20s	100	1	103
r	375	713	10	10	0	0	20s	100	1	103
r	394	732	10	10	0	0	20s	100	1	103
r	428	709	10	10	0	0	20s	100	1	103
r	368	675	10	10	0	0	20s	100	1	103
r	373	670	10	10	0	0	20s	100	1	103
r	399	661	10	10	0	0	20s	100	1	103
r	308	625	10	10	0	0	20s	100	1	103
r	296	601	10	10	0	0	20s	100	1	103
r	300	575	10	10	0	0	20s	100	1	103
r	284	560	10	10	0	0	20s	100	1	103
r	288	556	10	10	0	0	20s	100	1	103
r	268	573	10	10	0	0	20s	100	1	103
r	264	599	10	10	0	0	20s	100	1	103
r	268	613	10	10	0	0	20s	100	1	103
r	254	478	10	10	0	0	20s	100	1	103
r	255	469	10	10	0	0	20s	100	1	103
r	253	509	10	10	0	0	20s	100	1	103
r	263	534	10	10	0	0	20s	100	1	103
r	269	540	10	10	0	0	20s	100	1	103
r	370	439	10	10	0	0	20s	100	1	103
r	345	436	10	10	0	0	20s	100	1	103
r	343	437	10	10	0	0	20s	100	1	103
r	691	1224	10	10	0	0	20s	100	1	104
r	760	1237	10	10	0	0	20s	100	1	104
r	623	1231	10	10	0	0	20s	100	1	104
r	613	1238	10	10	0	0	20s	100	1	104
r	561	1261	10	10	0	0	20s	100	1	104
r	527	1228	10	10	0	0	20s	100	1	104
r	565	1236	10	10	0	0	20s	100	1	104
r	484	1231	10	10	0	0	20s	100	1	104
r	489	1261	10	10	0	0	20s	100	1	104
r	487	1229	10	10	0	0	20s	100	1	104
r	437	1282	10	10	0	0	20s	100	1	104
r	480	1258	10	10	0	0	20s	100	1	104
r	373	1241	10	10	0	0	20s	100	1	104
r	396	1261	10	10	0	0	20s	100	1	104
r	337	1267	10	10	0	0	20s	100	1	104
r	308	1233	10	10	0	0	20s	100	1	104
r	369	1222	10	10	0	0	20s	100	1	104
r	374	1209	10	10	0	0	20s	100	1	104
r	352	1195	10	10	0	0	20s	100	1	104
r	317	1133	10	10	0	0	20s	100	1	104
r	361	1150	10	10	0	0	20s	100	1	104
r	347	1117	10	10	0	0	20s	100	1	104
r	368	1102	10	10	0	0	20s	100	1	104
r	320	1079	10	10	0	0	20s	100	1	104
r	383	1038	10	10	0	0	20s	100	1	104
r	388	1028	10	10	0	0	20s	100	1	104
r	386	1028	10	10	0	0	20s	100	1	104
r	435	1048	10	10	0	0	20s	100	1	104
r	413	1004	10	10	0	0	20s	100	1	104
r	446	989	10	10	0	0	20s	100	1	104
r	447	969	10	10	0	0	20s	100	1	104
r	488	1010	10	10	0	0	20s	100	1	104
r	569	1010	10	10	0	0	20s	100	1	104
r	533	1007	10	10	0	0	20s	100	1	104
r	545	1010	10	10	0	0	20s	100	1	104
r	610	985	10	10	0	0	20s	100	1	104
r	640	984	10	10	0	0	20s	100	1	104
r	662	1005	10	10	0	0	20s	100	1	104
r	674	1032	10	10	0	0	20s	100	1	104
r	656	1045	10	10	0	0	20s	100	1	104
r	725	993	10	10	0	0	20s	100	1	104
r	715	982	10	10	0	0	20s	100	1	104
r	752	986	10	10	0	0	20s	100	1	104
r	856	989	10	10	0	0	20s	100	1	104
r	850	1003	10	10	0	0	20s	100	1	104
r	831	1016	10	10	0	0	20s	100	1	104
r	866	990	10	10	0	0	20s	100	1	104
r	906	988	10	10	0	0	20s	100	1	104
r	888	1053	10	10	0	0	20s	100	1	104
r	892	1095	10	10	0	0	20s	100	1	104
r	880	1135	10	10	0	0	20s	100	1	104
r	911	1167	10	10	0	0	20s	100	1	104
r	883	1208	10	10	0	0	20s	100	1	104
r	889	1237	10	10	0	0	20s	100	1	104
r	887	1251	10	10	0	0	20s	100	1	104
r	808	1236	10	10	0	0	20s	100	1	104
r	767	1246	10	10	0	0	20s	100	1	104
r	803	1217	10	10	0	0	20s	100	1	104
r	764	1222	10	10	0	0	20s	100	1	104
r	726	1223	10	10	0	0	20s	100	1	104
r	688	1216	10	10	0	0	20s	100	1	104
r	685	1242	10	10	0	0	20s	100	1	104
r	690	1271	10	10	0	0	20s	100	1	104
r	632	1258	10	10	0	0	20s	100	1	104
r	607	1263	10	10	0	0	20s	100	1	104
r	543	1301	10	10	0	0	20s	100	1	104
r	638	1350	10	10	0	0	20s	100	1	104
r	541	1349	10	10	0	0	20s	100	1	104
r	516	1332	10	10	0	0	20s	100	1	104
r	536	1331	10	10	0	0	20s	100	1	104
r	514	1300	10	10	0	0	20s	100	1	104
r	455	1328	10	10	0	0	20s	100	1	104
r	419	1338	10	10	0	0	20s	100	1	104
r	411	1335	10	10	0	0	20s	100	1	104
r	422	1323	10	10	0	0	20s	100	1	104
r	376	1305	10	10	0	0	20s	100	1	104
r	352	1303	10	10	0	0	20s	100	1	104
r	331	1320	10	10	0	0	20s	100	1	104
r	299	1273	10	10	0	0	20s	100	1	104
r	332	1280	10	10	0	0	20s	100	1	104
r	325	1321	10	10	0	0	20s	100	1	104
r	312	1362	10	10	0	0	20s	100	1	104
r	289	1378	10	10	0	0	20s	100	1	104
r	283	1419	10	10	0	0	20s	100	1	104
r	248	1420	10	10	0	0	20s	100	1	104
r	284	1414	10	10	0	0	20s	100	1	104
r	316	1414	10	10	0	0	20s	100	1	104
r	326	1412	10	10	0	0	20s	100	1	104
r	324	1431	10	10	0	0	20s	100	1	104
r	323	1403	10	10	0	0	20s	100	1	104
r	268	1413	10	10	0	0	20s	100	1	104
r	245	1429	10	10	0	0	20s	100	1	104
r	260	1442	10	10	0	0	20s	100	1	104
r	279	1447	10	10	0	0	20s	100	1	104
r	475	1388	10	10	0	0	20s	100	1	104
r	408	1394	10	10	0	0	20s	100	1	104
r	380	1400	10	10	0	0	20s	100	1	104
r	412	1376	10	10	0	0	20s	100	1	104
r	480	1333	10	10	0	0	20s	100	1	104
r	512	1332	10	10	0	0	20s	100	1	104
r	566	1345	10	10	0	0	20s	100	1	104
r	556	1403	10	10	0	0	20s	100	1	104
r	600	1408	10	10	0	0	20s	100	1	104
r	630	1399	10	10	0	0	20s	100	1	104
r	585	1358	10	10	0	0	20s	100	1	104
r	610	1373	10	10	0	0	20s	100	1	104
r	631	1385	10	10	0	0	20s	100	1	104
r	661	1368	10	10	0	0	20s	100	1	104
r	701	1354	10	10	0	0	20s	100	1	104
r	702	1379	10	10	0	0	20s	100	1	104
r	716	1308	10	10	0	0	20s	100	1	104
r	703	1308	10	10	0	0	20s	100	1	104
r	706	1352	10	10	0	0	20s	100	1	104
r	677	1393	10	10	0	0	20s	100	1	104
r	678	1408	10	10	0	0	20s	100	1	104
r	679	1399	10	10	0	0	20s	100	1	104
r	573	1268	10	10	0	0	20s	100	1	104
r	574	1239	10	10	0	0	20s	100	1	104
r	596	1245	10	10	0	0	20s	100	1	104
r	438	1345	10	10	0	0	20s	100	1	105
r	374	1373	10	10	0	0	20s	100	1	105
r	373	1342	10	10	0	0	20s	100	1	105
r	360	1316	10	10	0	0	20s	100	1	105
r	305	1304	10	10	0	0	20s	100	1	105
r	339	1314	10	10	0	0	20s	100	1	105
r	340	1240	10	10	0	0	20s	100	1	105
r	365	1253	10	10	0	0	20s	100	1	105
r	341	1261	10	10	0	0	20s	100	1	105
r	425	1233	10	10	0	0	20s	100	1	105
r	420	1239	10	10	0	0	20s	100	1	105
r	422	1240	10	10	0	0	20s	100	1	105
r	472	1193	10	10	0	0	20s	100	1	105
r	443	1200	10	10	0	0	20s	100	1	105
r	467	1216	10	10	0	0	20s	100	1	105
r	467	1216	10	10	0	0	20s	100	1	105
r	503	1204	10	10	0	0	20s	100	1	105
r	525	1227	10	10	0	0	20s	100	1	105
r	547	1217	10	10	0	0	20s	100	1	105
r	542	1192	10	10	0	0	20s	100	1	105
r	553	1208	10	10	0	0	20s	100	1	105
r	555	1120	10	10	0	0	20s	100	1	105
r	538	1120	10	10	0	0	20s	100	1	105
r	560	1082	10	10	0	0	20s	100	1	105
r	537	1073	10	10	0	0	20s	100	1	105
r	520	1077	10	10	0	0	20s	100	1	105
r	518	1060	10	10	0	0	20s	100	1	105
r	522	1023	10	10	0	0	20s	100	1	105
r	511	1003	10	10	0	0	20s	100	1	105
r	532	978	10	10	0	0	20s	100	1	105
r	517	951	10	10	0	0	20s	100	1	105
r	526	932	10	10	0	0	20s	100	1	105
r	545	953	10	10	0	0	20s	100	1	105
r	443	965	10	10	0	0	20s	100	1	105
r	446	957	10	10	0	0	20s	100	1	105
r	459	932	10	10	0	0	20s	100	1	105
r	435	921	10	10	0	0	20s	100	1	105
r	448	907	10	10	0	0	20s	100	1	105
r	421	909	10	10	0	0	20s	100	1	105
r	410	916	10	10	0	0	20s	100	1	105
r	394	910	10	10	0	0	20s	100	1	105
r	351	984	10	10	0	0	20s	100	1	105
r	344	956	10	10	0	0	20s	100	1	105
r	345	950	10	10	0	0	20s	100	1	105
r	285	878	10	10	0	0	20s	100	1	105
r	309	836	10	10	0	0	20s	100	1	105
r	295	821	10	10	0	0	20s	100	1	105
r	309	800	10	10	0	0	20s	100	1	105
r	297	757	10	10	0	0	20s	100	1	105
r	299	719	10	10	0	0	20s	100	1	105
r	334	699	10	10	0	0	20s	100	1	105
r	328	692	10	10	0	0	20s	100	1	105
r	319	679	10	10	0	0	20s	100	1	105
r	287	673	10	10	0	0	20s	100	1	105
r	300	675	10	10	0	0	20s	100	1	105
r	326	695	10	10	0	0	20s	100	1	105
r	398	721	10	10	0	0	20s	100	1	105
r	407	763	10	10	0	0	20s	100	1	105
r	403	754	10	10	0	0	20s	100	1	105
r	436	637	10	10	0	0	20s	100	1	105
r	407	601	10	10	0	0	20s	100	1	105
r	407	551	10	10	0	0	20s	100	1	105
r	388	546	10	10	0	0	20s	100	1	105
r	402	548	10	10	0	0	20s	100	1	105
r	530	452	10	10	0	0	20s	100	1	105
r	463	438	10	10	0	0	20s	100	1	105
r	432	434	10	10	0	0	20s	100	1	105
r	585	265	10	10	0	0	20s	100	1	105
r	624	243	10	10	0	0	20s	100	1	105
r	611	226	10	10	0	0	20s	100	1	105
r	661	249	10	10	0	0	20s	100	1	105
r	662	249	10	10	0	0	20s	100	1	105
r	642	195	10	10	0	0	20s	100	1	105
r	647	176	10	10	0	0	20s	100	1	105
r	639	151	10	10	0	0	20s	100	1	105
r	610	158	10	10	0	0	20s	100	1	105
r	599	161	10	10	0	0	20s	100	1	105
r	850	167	10	10	0	0	20s	100	1	105
r	854	199	10	10	0	0	20s	100	1	105
r	802	989	10	10	0	0	20s	100	1	105
r	769	975	10	10	0	0	20s	100	1	105
r	769	950	10	10	0	0	20s	100	1	105
r	886	1025	10	10	0	0	20s	100	1	105
r	855	1028	10	10	0	0	20s	100	1	105
r	854	1159	10	10	0	0	20s	100	1	105
r	862	1166	10	10	0	0	20s	100	1	105
r	889	1099	10	10	0	0	20s	100	1	105
r	874	1093	10	10	0	0	20s	100	1	105
r	866	1186	10	10	0	0	20s	100	1	105
r	861	1206	10	10	0	0	20s	100	1	105
r	792	1198	10	10	0	0	20s	100	1	105
r	768	1232	10	10	0	0	20s	100	1	105
r	748	1211	10	10	0	0	20s	100	1	105
r	746	1206	10	10	0	0	20s	100	1	105
r	708	1201	10	10	0	0	20s	100	1	105
r	692	1214	10	10	0	0	20s	100	1	105
r	687	1239	10	10	0	0	20s	100	1	105
r	677	1266	10	10	0	0	20s	100	1	105
r	693	1290	10	10	0	0	20s	100	1	105
r	697	1326	10	10	0	0	20s	100	1	105
r	709	1344	10	10	0	0	20s	100	1	105
r	715	1349	10	10	0	0	20s	100	1	105
r	688	1319	10	10	0	0	20s	100	1	105
r	690	1377	10	10	0	0	20s	100	1	105
r	681	1380	10	10	0	0	20s	100	1	105
r	701	1379	10	10	0	0	20s	100	1	105
r	653	1330	10	10	0	0	20s	100	1	105
r	677	1367	10	10	0	0	20s	100	1	105
r	686	1365	10	10	0	0	20s	100	1	105
r	677	1364	10	10	0	0	20s	100	1	105
r	653	1386	10	10	0	0	20s	100	1	105
r	654	1382	10	10	0	0	20s	100	1	105
r	619	1381	10	10	0	0	20s	100	1	105
r	617	1361	10	10	0	0	20s	100	1	105
r	612	1374	10	10	0	0	20s	100	1	105
r	577	1325	10	10	0	0	20s	100	1	105
r	554	1331	10	10	0	0	20s	100	1	105
r	577	1349	10	10	0	0	20s	100	1	105
r	561	1328	10	10	0	0	20s	100	1	105
r	585	1345	10	10	0	0	20s	100	1	105
r	562	1373	10	10	0	0	20s	100	1	105
r	542	1379	10	10	0	0	20s	100	1	105
r	585	1389	10	10	0	0	20s	100	1	105
r	624	1396	10	10	0	0	20s	100	1	105
r	657	1411	10	10	0	0	20s	100	1	105
r	695	1393	10	10	0	0	20s	100	1	105
r	636	1389	10	10	0	0	20s	100	1	105
r	519	1351	10	10	0	0	20s	100	1	105
r	514	1322	10	10	0	0	20s	100	1	105
r	442	1348	10	10	0	0	20s	100	1	105
r	424	1367	10	10	0	0	20s	100	1	105
r	404	1386	10	10	0	0	20s	100	1	105
r	439	1397	10	10	0	0	20s	100	1	105
r	441	1398	10	10	0	0	20s	100	1	105
r	362	1388	10	10	0	0	20s	100	1	105
r	351	1388	10	10	0	0	20s	100	1	105
r	318	1399	10	10	0	0	20s	100	1	105
r	298	1407	10	10	0	0	20s	100	1	105
r	290	1397	10	10	0	0	20s	100	1	105
r	255	1407	10	10	0	0	20s	100	1	105
r	237	1422	10	10	0	0	20s	100	1	105
r	251	1437	10	10	0	0	20s	100	1	105
r	289	1424	10	10	0	0	20s	100	1	105
r	314	1357	10	10	0	0	20s	100	1	105
r	300	1318	10	10	0	0	20s	100	1	105
r	294	1322	10	10	0	0	20s	100	1	105
r	276	1322	10	10	0	0	20s	100	1	105
r	297	1296	10	10	0	0	20s	100	1	105
r	337	1256	10	10	0	0	20s	100	1	105
r	324	1233	10	10	0	0	20s	100	1	105
r	323	1226	10	10	0	0	20s	100	1	105
r	308	1219	10	10	0	0	20s	100	1	105
r	311	1201	10	10	0	0	20s	100	1	105
r	532	1349	10	10	0	0	20s	100	1	106
r	552	1363	10	10	0	0	20s	100	1	106
r	572	1352	10	10	0	0	20s	100	1	106
r	607	1270	10	10	0	0	20s	100	1	106
r	580	1291	10	10	0	0	20s	100	1	106
r	585	1252	10	10	0	0	20s	100	1	106
r	527	1245	10	10	0	0	20s	100	1	106
r	518	1244	10	10	0	0	20s	100	1	106
r	509	1233	10	10	0	0	20s	100	1	106
r	506	1225	10	10	0	0	20s	100	1	106
r	507	1220	10	10	0	0	20s	100	1	106
r	675	1228	10	10	0	0	20s	100	1	106
r	649	1202	10	10	0	0	20s	100	1	106
r	710	1229	10	10	0	0	20s	100	1	106
r	791	1214	10	10	0	0	20s	100	1	106
r	807	1239	10	10	0	0	20s	100	1	106
r	803	1261	10	10	0	0	20s	100	1	106
r	836	1263	10	10	0	0	20s	100	1	106
r	849	1265	10	10	0	0	20s	100	1	106
r	864	1280	10	10	0	0	20s	100	1	106
r	870	1288	10	10	0	0	20s	100	1	106
r	892	1273	10	10	0	0	20s	100	1	106
r	896	1262	10	10	0	0	20s	100	1	106
r	889	1245	10	10	0	0	20s	100	1	106
r	888	1227	10	10	0	0	20s	100	1	106
r	902	1201	10	10	0	0	20s	100	1	106
r	881	1173	10	10	0	0	20s	100	1	106
r	896	1144	10	10	0	0	20s	100	1	106
r	913	1112	10	10	0	0	20s	100	1	106
r	884	1112	10	10	0	0	20s	100	1	106
r	853	1126	10	10	0	0	20s	100	1	106
r	853	1126	10	10	0	0	20s	100	1	106
r	869	1077	10	10	0	0	20s	100	1	106
r	873	1053	10	10	0	0	20s	100	1	106
r	859	1031	10	10	0	0	20s	100	1	106
r	871	1018	10	10	0	0	20s	100	1	106
r	830	990	10	10	0	0	20s	100	1	106
r	832	982	10	10	0	0	20s	100	1	106
r	786	970	10	10	0	0	20s	100	1	106
r	778	976	10	10	0	0	20s	100	1	106
r	748	977	10	10	0	0	20s	100	1	106
r	724	988	10	10	0	0	20s	100	1	106
r	700	996	10	10	0	0	20s	100	1	106
r	684	1007	10	10	0	0	20s	100	1	106
r	685	1021	10	10	0	0	20s	100	1	106
r	687	1033	10	10	0	0	20s	100	1	106
r	658	1036	10	10	0	0	20s	100	1	106
r	633	1044	10	10	0	0	20s	100	1	106
r	615	1054	10	10	0	0	20s	100	1	106
r	626	1012	10	10	0	0	20s	100	1	106
r	602	1075	10	10	0	0	20s	100	1	106
r	582	1050	10	10	0	0	20s	100	1	106
r	565	1102	10	10	0	0	20s	100	1	106
r	593	1097	10	10	0	0	20s	100	1	106
r	513	1015	10	10	0	0	20s	100	1	106
r	475	1026	10	10	0	0	20s	100	1	106
r	430	1044	10	10	0	0	20s	100	1	106
r	409	1020	10	10	0	0	20s	100	1	106
r	388	1031	10	10	0	0	20s	100	1	106
r	291	1032	10	10	0	0	20s	100	1	106
r	290	1048	10	10	0	0	20s	100	1	106
r	285	1069	10	10	0	0	20s	100	1	106
r	290	1052	10	10	0	0	20s	100	1	106
r	277	999	10	10	0	0	20s	100	1	106
r	270	980	10	10	0	0	20s	100	1	106
r	260	958	10	10	0	0	20s	100	1	106
r	251	938	10	10	0	0	20s	100	1	106
r	259	924	10	10	0	0	20s	100	1	106
r	259	862	10	10	0	0	20s	100	1	106
r	258	857	10	10	0	0	20s	100	1	106
r	260	846	10	10	0	0	20s	100	1	106
r	598	934	10	10	0	0	20s	100	1	106
r	576	930	10	10	0	0	20s	100	1	106
r	570	918	10	10	0	0	20s	100	1	106
r	513	939	10	10	0	0	20s	100	1	106
r	457	1008	10	10	0	0	20s	100	1	106
r	427	971	10	10	0	0	20s	100	1	106
r	421	935	10	10	0	0	20s	100	1	106
r	406	900	10	10	0	0	20s	100	1	106
r	861	946	10	10	0	0	20s	100	1	107
r	830	960	10	10	0	0	20s	100	1	107
r	829	971	10	10	0	0	20s	100	1	107
r	841	1004	10	10	0	0	20s	100	1	107
r	715	1023	10	10	0	0	20s	100	1	107
r	673	1040	10	10	0	0	20s	100	1	107
r	670	1077	10	10	0	0	20s	100	1	107
r	672	1089	10	10	0	0	20s	100	1	107
r	598	1055	10	10	0	0	20s	100	1	107
r	580	1023	10	10	0	0	20s	100	1	107
r	567	1020	10	10	0	0	20s	100	1	107
r	589	965	10	10	0	0	20s	100	1	107
r	564	956	10	10	0	0	20s	100	1	107
r	597	984	10	10	0	0	20s	100	1	107
r	568	1018	10	10	0	0	20s	100	1	107
r	556	1010	10	10	0	0	20s	100	1	107
r	425	976	10	10	0	0	20s	100	1	107
r	418	952	10	10	0	0	20s	100	1	107
r	421	919	10	10	0	0	20s	100	1	107
r	365	911	10	10	0	0	20s	100	1	107
r	408	989	10	10	0	0	20s	100	1	107
r	343	1023	10	10	0	0	20s	100	1	107
r	344	978	10	10	0	0	20s	100	1	107
r	360	1003	10	10	0	0	20s	100	1	107
r	381	1002	10	10	0	0	20s	100	1	107
r	355	1024	10	10	0	0	20s	100	1	107
r	342	1093	10	10	0	0	20s	100	1	107
r	337	1097	10	10	0	0	20s	100	1	107
r	379	1097	10	10	0	0	20s	100	1	107
r	339	1113	10	10	0	0	20s	100	1	107
r	323	1194	10	10	0	0	20s	100	1	107
r	342	1181	10	10	0	0	20s	100	1	107
r	328	1160	10	10	0	0	20s	100	1	107
r	330	1151	10	10	0	0	20s	100	1	107
r	445	1216	10	10	0	0	20s	100	1	107
r	470	1197	10	10	0	0	20s	100	1	107
r	474	1222	10	10	0	0	20s	100	1	107
r	448	1166	10	10	0	0	20s	100	1	107
r	456	1158	10	10	0	0	20s	100	1	107
r	463	1107	10	10	0	0	20s	100	1	107
r	492	1105	10	10	0	0	20s	100	1	107
r	509	1119	10	10	0	0	20s	100	1	107
r	567	1076	10	10	0	0	20s	100	1	107
r	563	1134	10	10	0	0	20s	100	1	107
r	571	1157	10	10	0	0	20s	100	1	107
r	586	1171	10	10	0	0	20s	100	1	107
r	688	1264	10	10	0	0	20s	100	1	107
r	667	1241	10	10	0	0	20s	100	1	107
r	681	1273	10	10	0	0	20s	100	1	107
r	697	1329	10	10	0	0	20s	100	1	107
r	708	1390	10	10	0	0	20s	100	1	107
r	656	1397	10	10	0	0	20s	100	1	107
r	596	1411	10	10	0	0	20s	100	1	107
r	555	1442	10	10	0	0	20s	100	1	107
r	535	1404	10	10	0	0	20s	100	1	107
r	537	1391	10	10	0	0	20s	100	1	107
r	515	1379	10	10	0	0	20s	100	1	107
r	511	1376	10	10	0	0	20s	100	1	107
r	417	1371	10	10	0	0	20s	100	1	107
r	409	1396	10	10	0	0	20s	100	1	107
r	389	1403	10	10	0	0	20s	100	1	107
r	360	1403	10	10	0	0	20s	100	1	107
r	306	1405	10	10	0	0	20s	100	1	107
r	283	1422	10	10	0	0	20s	100	1	107
r	284	1340	10	10	0	0	20s	100	1	107
r	283	1337	10	10	0	0	20s	100	1	107
r	277	1328	10	10	0	0	20s	100	1	107
r	896	1285	10	10	0	0	20s	100	1	107
r	881	1229	10	10	0	0	20s	100	1	107
r	868	1191	10	10	0	0	20s	100	1	107
r	859	1162	10	10	0	0	20s	100	1	107
r	853	1123	10	10	0	0	20s	100	1	107
r	863	1103	10	10	0	0	20s	100	1	107
r	826	874	10	10	0	0	20s	100	1	107
r	801	868	10	10	0	0	20s	100	1	107
r	772	921	10	10	0	0	20s	100	1	107
r	780	921	10	10	0	0	20s	100	1	107
r	780	888	10	10	0	0	20s	100	1	107
r	784	880	10	10	0	0	20s	100	1	107
r	665	931	10	10	0	0	20s	100	1	107
r	666	930	10	10	0	0	20s	100	1	107
r	650	926	10	10	0	0	20s	100	1	107
r	603	944	10	10	0	0	20s	100	1	107
r	597	954	10	10	0	0	20s	100	1	107
r	564	947	10	10	0	0	20s	100	1	107
r	642	962	10	10	0	0	20s	100	1	107
r	637	949	10	10	0	0	20s	100	1	107
r	621	942	10	10	0	0	20s	100	1	107
r	597	946	10	10	0	0	20s	100	1	107
r	496	917	10	10	0	0	20s	100	1	107
r	490	896	10	10	0	0	20s	100	1	107
r	452	881	10	10	0	0	20s	100	1	107
r	443	876	10	10	0	0	20s	100	1	107
r	373	851	10	10	0	0	20s	100	1	107
r	393	845	10	10	0	0	20s	100	1	107
r	370	806	10	10	0	0	20s	100	1	107
r	391	795	10	10	0	0	20s	100	1	107
r	393	777	10	10	0	0	20s	100	1	107
r	381	755	10	10	0	0	20s	100	1	107
r	362	723	10	10	0	0	20s	100	1	107
r	708	406	10	10	0	0	20s	100	1	107
r	639	297	10	10	0	0	20s	100	1	107
r	610	296	10	10	0	0	20s	100	1	107
r	611	279	10	10	0	0	20s	100	1	107
r	611	261	10	10	0	0	20s	100	1	107
r	631	237	10	10	0	0	20s	100	1	107
r	638	219	10	10	0	0	20s	100	1	107
r	630	210	10	10	0	0	20s	100	1	107
r	808	196	10	10	0	0	20s	100	1	107
r	736	175	10	10	0	0	20s	100	1	107
r	648	152	10	10	0	0	20s	100	1	107
r	604	149	10	10	0	0	20s	100	1	107
r	581	157	10	10	0	0	20s	100	1	107
r	548	162	10	10	0	0	20s	100	1	107
r	527	191	10	10	0	0	20s	100	1	107
r	530	206	10	10	0	0	20s	100	1	107
r	542	223	10	10	0	0	20s	100	1	107
r	524	221	10	10	0	0	20s	100	1	107
r	519	340	10	10	0	0	20s	100	1	107
r	322	157	10	10	0	0	20s	100	1	108
r	339	159	10	10	0	0	20s	100	1	108
r	333	178	10	10	0	0	20s	100	1	108
r	347	175	10	10	0	0	20s	100	1	108
r	311	197	10	10	0	0	20s	100	1	108
r	360	237	10	10	0	0	20s	100	1	108
r	347	171	10	10	0	0	20s	100	1	108
r	329	210	10	10	0	0	20s	100	1	108
r	338	216	10	10	0	0	20s	100	1	108
r	307	236	10	10	0	0	20s	100	1	108
r	331	252	10	10	0	0	20s	100	1	108
r	331	262	10	10	0	0	20s	100	1	108
r	385	291	10	10	0	0	20s	100	1	108
r	348	295	10	10	0	0	20s	100	1	108
r	341	303	10	10	0	0	20s	100	1	108
r	325	306	10	10	0	0	20s	100	1	108
r	355	319	10	10	0	0	20s	100	1	108
r	379	310	10	10	0	0	20s	100	1	108
r	396	285	10	10	0	0	20s	100	1	108
r	388	262	10	10	0	0	20s	100	1	108
r	432	245	10	10	0	0	20s	100	1	108
r	406	231	10	10	0	0	20s	100	1	108
r	396	223	10	10	0	0	20s	100	1	108
r	384	243	10	10	0	0	20s	100	1	108
r	369	277	10	10	0	0	20s	100	1	108
r	344	281	10	10	0	0	20s	100	1	108
r	335	281	10	10	0	0	20s	100	1	108
r	373	193	10	10	0	0	20s	100	1	108
r	359	184	10	10	0	0	20s	100	1	108
r	340	183	10	10	0	0	20s	100	1	108
r	367	309	10	10	0	0	20s	100	1	109
r	342	317	10	10	0	0	20s	100	1	109
r	293	337	10	10	0	0	20s	100	1	109
r	292	338	10	10	0	0	20s	100	1	109
r	294	318	10	10	0	0	20s	100	1	109
r	307	307	10	10	0	0	20s	100	1	109
r	300	295	10	10	0	0	20s	100	1	109
r	302	288	10	10	0	0	20s	100	1	109
r	310	279	10	10	0	0	20s	100	1	109
r	313	235	10	10	0	0	20s	100	1	109
r	318	215	10	10	0	0	20s	100	1	109
r	312	191	10	10	0	0	20s	100	1	109
r	312	171	10	10	0	0	20s	100	1	109
r	315	153	10	10	0	0	20s	100	1	109
r	325	145	10	10	0	0	20s	100	1	109
r	337	156	10	10	0	0	20s	100	1	109
r	348	161	10	10	0	0	20s	100	1	109
r	357	165	10	10	0	0	20s	100	1	109
r	359	175	10	10	0	0	20s	100	1	109
r	333	196	10	10	0	0	20s	100	1	109
r	364	226	10	10	0	0	20s	100	1	109
r	355	228	10	10	0	0	20s	100	1	109
r	343	228	10	10	0	0	20s	100	1	109
r	384	270	10	10	0	0	20s	100	1	109
r	386	285	10	10	0	0	20s	100	1	109
r	345	300	10	10	0	0	20s	100	1	109
r	358	250	10	10	0	0	20s	100	1	109
r	326	246	10	10	0	0	20s	100	1	109
r	359	254	10	10	0	0	20s	100	1	109
r	373	196	10	10	0	0	20s	100	1	109
r	376	172	10	10	0	0	20s	100	1	109
r	397	314	10	10	0	0	20s	100	1	110
r	378	297	10	10	0	0	20s	100	1	110
r	384	276	10	10	0	0	20s	100	1	110
r	407	254	10	10	0	0	20s	100	1	110
r	389	243	10	10	0	0	20s	100	1	110
r	390	278	10	10	0	0	20s	100	1	110
r	397	290	10	10	0	0	20s	100	1	110
r	343	312	10	10	0	0	20s	100	1	110
r	306	315	10	10	0	0	20s	100	1	110
r	298	318	10	10	0	0	20s	100	1	110
r	325	254	10	10	0	0	20s	100	1	110
r	327	245	10	10	0	0	20s	100	1	110
r	315	268	10	10	0	0	20s	100	1	110
r	349	265	10	10	0	0	20s	100	1	110
r	337	243	10	10	0	0	20s	100	1	110
r	340	228	10	10	0	0	20s	100	1	110
r	342	227	10	10	0	0	20s	100	1	110
r	347	206	10	10	0	0	20s	100	1	110
r	347	204	10	10	0	0	20s	100	1	110
r	369	188	10	10	0	0	20s	100	1	110
r	358	178	10	10	0	0	20s	100	1	110
r	315	148	10	10	0	0	20s	100	1	110
r	291	153	10	10	0	0	20s	100	1	110
r	299	199	10	10	0	0	20s	100	1	110
r	303	212	10	10	0	0	20s	100	1	110
r	309	221	10	10	0	0	20s	100	1	110
r	286	240	10	10	0	0	20s	100	1	110
r	293	588	10	10	0	0	20s	100	1	107
r	276	549	10	10	0	0	20s	100	1	107
r	270	529	10	10	0	0	20s	100	1	107
r	277	500	10	10	0	0	20s	100	1	107
r	264	502	10	10	0	0	20s	100	1	107
r	263	494	10	10	0	0	20s	100	1	107
r	255	549	10	10	0	0	20s	100	1	107
r	254	632	10	10	0	0	20s	100	1	107
r	254	664	10	10	0	0	20s	100	1	107
r	259	671	10	10	0	0	20s	100	1	107
r	274	659	10	10	0	0	20s	100	1	107
r	253	737	10	10	0	0	20s	100	1	107
r	268	742	10	10	0	0	20s	100	1	107
r	271	740	10	10	0	0	20s	100	1	107
r	278	716	10	10	0	0	20s	100	1	107
r	293	741	10	10	0	0	20s	100	1	107
