//type	cx	cy	sx	sy	z	dir	time	percent	count	vnum
//----------------------------------------------------------
r	179	546	10	10	0	0	45s	100	1	7105
r	184	564	10	10	0	0	45s	100	1	7105
r	182	554	10	10	0	0	45s	100	1	7105
r	200	550	10	10	0	0	45s	100	1	7105
r	214	554	10	10	0	0	45s	100	1	7105
r	224	557	10	10	0	0	45s	100	1	7105
r	245	539	10	10	0	0	45s	100	1	7105
r	233	525	10	10	0	0	45s	100	1	7105
r	230	523	10	10	0	0	45s	100	1	7105
r	245	507	10	10	0	0	45s	100	1	7105
r	232	493	10	10	0	0	45s	100	1	7105
r	236	485	10	10	0	0	45s	100	1	7105
r	243	474	10	10	0	0	45s	100	1	7105
r	231	455	10	10	0	0	45s	100	1	7105
r	233	448	10	10	0	0	45s	100	1	7105
r	243	439	10	10	0	0	45s	100	1	7105
r	233	423	10	10	0	0	45s	100	1	7105
r	229	417	10	10	0	0	45s	100	1	7105
r	241	410	10	10	0	0	45s	100	1	7105
r	234	391	10	10	0	0	45s	100	1	7105
r	244	379	10	10	0	0	45s	100	1	7105
r	233	366	10	10	0	0	45s	100	1	7105
r	230	365	10	10	0	0	45s	100	1	7105
r	241	357	10	10	0	0	45s	100	1	7105
r	243	337	10	10	0	0	45s	100	1	7105
r	236	337	10	10	0	0	45s	100	1	7105
r	229	332	10	10	0	0	45s	100	1	7105
r	241	317	10	10	0	0	45s	100	1	7105
r	245	307	10	10	0	0	45s	100	1	7105
r	231	299	10	10	0	0	45s	100	1	7105
r	233	267	10	10	0	0	45s	100	1	7105
r	235	254	10	10	0	0	45s	100	1	7105
r	245	244	10	10	0	0	45s	100	1	7105
r	251	235	10	10	0	0	45s	100	1	7105
r	262	230	10	10	0	0	45s	100	1	7105
r	267	214	10	10	0	0	45s	100	1	7105
r	266	194	10	10	0	0	45s	100	1	7105
r	259	188	10	10	0	0	45s	100	1	7105
r	248	185	10	10	0	0	45s	100	1	7105
r	237	184	10	10	0	0	45s	100	1	7105
r	224	184	10	10	0	0	45s	100	1	7105
r	214	191	10	10	0	0	45s	100	1	7105
r	206	205	10	10	0	0	45s	100	1	7105
r	203	220	10	10	0	0	45s	100	1	7105
r	212	233	10	10	0	0	45s	100	1	7105
r	228	239	10	10	0	0	45s	100	1	7105
r	242	241	10	10	0	0	45s	100	1	7105
r	264	233	10	10	0	0	45s	100	1	7105
r	269	213	10	10	0	0	45s	100	1	7105
r	256	187	10	10	0	0	45s	100	1	7105
r	248	183	10	10	0	0	45s	100	1	7105
r	225	181	10	10	0	0	45s	100	1	7105
r	212	185	10	10	0	0	45s	100	1	7105
r	207	197	10	10	0	0	45s	100	1	7105
r	219	208	10	10	0	0	45s	100	1	7105
r	235	211	10	10	0	0	45s	100	1	7105
r	248	205	10	10	0	0	45s	100	1	7105
r	238	198	10	10	0	0	45s	100	1	7105
r	228	200	10	10	0	0	45s	100	1	7105
r	229	212	10	10	0	0	45s	100	1	7105
r	246	217	10	10	0	0	45s	100	1	7105
r	254	206	10	10	0	0	45s	100	1	7105
r	239	198	10	10	0	0	45s	100	1	7105
r	231	208	10	10	0	0	45s	100	1	7105
r	241	220	10	10	0	0	45s	100	1	7105
r	276	215	10	10	0	0	45s	100	1	7105
r	292	208	10	10	0	0	45s	100	1	7105
r	305	204	10	10	0	0	45s	100	1	7105
r	304	213	10	10	0	0	45s	100	1	7105
r	289	216	10	10	0	0	45s	100	1	7105
r	328	204	10	10	0	0	45s	100	1	7105
r	341	203	10	10	0	0	45s	100	1	7105
r	347	203	10	10	0	0	45s	100	1	7105
r	346	210	10	10	0	0	45s	100	1	7105
r	336	213	10	10	0	0	45s	100	1	7105
r	360	213	10	10	0	0	45s	100	1	7105
r	379	210	10	10	0	0	45s	100	1	7105
r	383	202	10	10	0	0	45s	100	1	7105
r	375	191	10	10	0	0	45s	100	1	7105
r	390	185	10	10	0	0	45s	100	1	7105
r	411	185	10	10	0	0	45s	100	1	7105
r	421	193	10	10	0	0	45s	100	1	7105
r	426	217	10	10	0	0	45s	100	1	7105
r	422	225	10	10	0	0	45s	100	1	7105
r	404	231	10	10	0	0	45s	100	1	7105
r	385	233	10	10	0	0	45s	100	1	7105
r	373	206	10	10	0	0	45s	100	1	7105
r	385	189	10	10	0	0	45s	100	1	7105
r	407	190	10	10	0	0	45s	100	1	7105
r	408	203	10	10	0	0	45s	100	1	7105
r	391	215	10	10	0	0	45s	100	1	7105
r	378	224	10	10	0	0	45s	100	1	7105
r	394	244	10	10	0	0	45s	100	1	7105
r	431	238	10	10	0	0	45s	100	1	7105
r	413	218	10	10	0	0	45s	100	1	7105
r	416	210	10	10	0	0	45s	100	1	7105
r	446	211	10	10	0	0	45s	100	1	7105
r	455	212	10	10	0	0	45s	100	1	7105
r	464	212	10	10	0	0	45s	100	1	7105
r	492	210	10	10	0	0	45s	100	1	7105
r	516	210	10	10	0	0	45s	100	1	7105
r	549	208	10	10	0	0	45s	100	1	7105
r	563	208	10	10	0	0	45s	100	1	7105
r	595	209	10	10	0	0	45s	100	1	7105
r	610	209	10	10	0	0	45s	100	1	7105
r	623	209	10	10	0	0	45s	100	1	7105
r	637	210	10	10	0	0	45s	100	1	7105
r	666	210	10	10	0	0	45s	100	1	7105
r	705	210	10	10	0	0	45s	100	1	7105
r	744	208	10	10	0	0	45s	100	1	7105
r	754	208	10	10	0	0	45s	100	1	7105
r	761	208	10	10	0	0	45s	100	1	7105
r	454	204	10	10	0	0	45s	100	1	7105
r	484	209	10	10	0	0	45s	100	1	7105
r	505	209	10	10	0	0	45s	100	1	7105
r	525	209	10	10	0	0	45s	100	1	7105
r	548	208	10	10	0	0	45s	100	1	7105
r	567	207	10	10	0	0	45s	100	1	7105
r	582	207	10	10	0	0	45s	100	1	7105
r	593	207	10	10	0	0	45s	100	1	7105
r	605	207	10	10	0	0	45s	100	1	7105
r	629	208	10	10	0	0	45s	100	1	7105
r	640	208	10	10	0	0	45s	100	1	7105
r	653	208	10	10	0	0	45s	100	1	7105
r	673	208	10	10	0	0	45s	100	1	7105
r	696	208	10	10	0	0	45s	100	1	7105
r	709	208	10	10	0	0	45s	100	1	7105
r	727	208	10	10	0	0	45s	100	1	7105
r	740	208	10	10	0	0	45s	100	1	7105
r	762	208	10	10	0	0	45s	100	1	7105
r	754	217	10	10	0	0	45s	100	1	7105
r	744	218	10	10	0	0	45s	100	1	7105
r	720	218	10	10	0	0	45s	100	1	7105
r	710	218	10	10	0	0	45s	100	1	7105
r	675	214	10	10	0	0	45s	100	1	7105
r	629	214	10	10	0	0	45s	100	1	7105
r	769	214	10	10	0	0	45s	100	1	7105
r	776	218	10	10	0	0	45s	100	1	7105
r	776	230	10	10	0	0	45s	100	1	7105
r	769	239	10	10	0	0	45s	100	1	7105
r	767	248	10	10	0	0	45s	100	1	7105
r	777	265	10	10	0	0	45s	100	1	7105
r	768	275	10	10	0	0	45s	100	1	7105
r	768	292	10	10	0	0	45s	100	1	7105
r	774	305	10	10	0	0	45s	100	1	7105
r	771	316	10	10	0	0	45s	100	1	7105
r	773	338	10	10	0	0	45s	100	1	7105
r	778	350	10	10	0	0	45s	100	1	7105
r	772	356	10	10	0	0	45s	100	1	7105
r	790	359	10	10	0	0	45s	100	1	7105
r	803	357	10	10	0	0	45s	100	1	7105
r	769	360	10	10	0	0	45s	100	1	7105
r	782	355	10	10	0	0	45s	100	1	7105
r	175	607	10	10	0	0	45s	100	1	7105
r	189	604	10	10	0	0	45s	100	1	7105
r	203	604	10	10	0	0	45s	100	1	7105
r	215	604	10	10	0	0	45s	100	1	7105
r	236	602	10	10	0	0	45s	100	1	7105
r	259	601	10	10	0	0	45s	100	1	7105
r	278	601	10	10	0	0	45s	100	1	7105
r	290	604	10	10	0	0	45s	100	1	7105
r	285	614	10	10	0	0	45s	100	1	7105
r	232	609	10	10	0	0	45s	100	1	7105
r	215	609	10	10	0	0	45s	100	1	7105
r	194	613	10	10	0	0	45s	100	1	7105
r	233	617	10	10	0	0	45s	100	1	7105
r	271	614	10	10	0	0	45s	100	1	7105
r	293	600	10	10	0	0	45s	100	1	7105
r	294	574	10	10	0	0	45s	100	1	7105
r	291	553	10	10	0	0	45s	100	1	7105
r	302	539	10	10	0	0	45s	100	1	7105
r	292	515	10	10	0	0	45s	100	1	7105
r	299	505	10	10	0	0	45s	100	1	7105
r	301	493	10	10	0	0	45s	100	1	7105
r	292	483	10	10	0	0	45s	100	1	7105
r	301	470	10	10	0	0	45s	100	1	7105
r	297	455	10	10	0	0	45s	100	1	7105
r	290	446	10	10	0	0	45s	100	1	7105
r	305	433	10	10	0	0	45s	100	1	7105
r	292	421	10	10	0	0	45s	100	1	7105
r	300	409	10	10	0	0	45s	100	1	7105
r	301	387	10	10	0	0	45s	100	1	7105
r	305	384	10	10	0	0	45s	100	1	7105
r	287	368	10	10	0	0	45s	100	1	7105
r	298	359	10	10	0	0	45s	100	1	7105
r	290	345	10	10	0	0	45s	100	1	7105
r	301	329	10	10	0	0	45s	100	1	7105
r	305	315	10	10	0	0	45s	100	1	7105
r	322	311	10	10	0	0	45s	100	1	7105
r	340	311	10	10	0	0	45s	100	1	7105
r	370	310	10	10	0	0	45s	100	1	7105
r	391	304	10	10	0	0	45s	100	1	7105
r	402	303	10	10	0	0	45s	100	1	7105
r	414	310	10	10	0	0	45s	100	1	7105
r	439	310	10	10	0	0	45s	100	1	7105
r	444	307	10	10	0	0	45s	100	1	7105
r	414	318	10	10	0	0	45s	100	1	7105
r	398	317	10	10	0	0	45s	100	1	7105
r	368	312	10	10	0	0	45s	100	1	7105
r	316	311	10	10	0	0	45s	100	1	7105
r	295	310	10	10	0	0	45s	100	1	7105
r	366	310	10	10	0	0	45s	100	1	7105
r	403	308	10	10	0	0	45s	100	1	7105
r	431	310	10	10	0	0	45s	100	1	7105
r	464	310	10	10	0	0	45s	100	1	7105
r	490	309	10	10	0	0	45s	100	1	7105
r	509	308	10	10	0	0	45s	100	1	7105
r	533	301	10	10	0	0	45s	100	1	7105
r	527	282	10	10	0	0	45s	100	1	7105
r	544	275	10	10	0	0	45s	100	1	7105
r	569	271	10	10	0	0	45s	100	1	7105
r	577	280	10	10	0	0	45s	100	1	7105
r	577	303	10	10	0	0	45s	100	1	7105
r	575	335	10	10	0	0	45s	100	1	7105
r	559	344	10	10	0	0	45s	100	1	7105
r	538	337	10	10	0	0	45s	100	1	7105
r	525	302	10	10	0	0	45s	100	1	7105
r	526	296	10	10	0	0	45s	100	1	7105
r	546	286	10	10	0	0	45s	100	1	7105
r	561	285	10	10	0	0	45s	100	1	7105
r	565	302	10	10	0	0	45s	100	1	7105
r	561	309	10	10	0	0	45s	100	1	7105
r	556	312	10	10	0	0	45s	100	1	7105
r	542	314	10	10	0	0	45s	100	1	7105
r	527	330	10	10	0	0	45s	100	1	7105
r	537	335	10	10	0	0	45s	100	1	7105
r	552	333	10	10	0	0	45s	100	1	7105
r	568	323	10	10	0	0	45s	100	1	7105
r	553	318	10	10	0	0	45s	100	1	7105
r	536	319	10	10	0	0	45s	100	1	7105
r	532	318	10	10	0	0	45s	100	1	7105
r	564	295	10	10	0	0	45s	100	1	7105
r	546	357	10	10	0	0	45s	100	1	7105
r	548	372	10	10	0	0	45s	100	1	7105
r	548	390	10	10	0	0	45s	100	1	7105
r	547	405	10	10	0	0	45s	100	1	7105
r	554	422	10	10	0	0	45s	100	1	7105
r	551	432	10	10	0	0	45s	100	1	7105
r	543	444	10	10	0	0	45s	100	1	7105
r	544	456	10	10	0	0	45s	100	1	7105
r	548	464	10	10	0	0	45s	100	1	7105
r	548	477	10	10	0	0	45s	100	1	7105
r	546	489	10	10	0	0	45s	100	1	7105
r	545	500	10	10	0	0	45s	100	1	7105
r	543	510	10	10	0	0	45s	100	1	7105
r	542	518	10	10	0	0	45s	100	1	7105
r	544	525	10	10	0	0	45s	100	1	7105
r	550	529	10	10	0	0	45s	100	1	7105
r	562	533	10	10	0	0	45s	100	1	7105
r	575	533	10	10	0	0	45s	100	1	7105
r	585	533	10	10	0	0	45s	100	1	7105
r	593	533	10	10	0	0	45s	100	1	7105
r	601	534	10	10	0	0	45s	100	1	7105
r	612	536	10	10	0	0	45s	100	1	7105
r	627	536	10	10	0	0	45s	100	1	7105
r	634	535	10	10	0	0	45s	100	1	7105
r	637	533	10	10	0	0	45s	100	1	7105
r	639	531	10	10	0	0	45s	100	1	7105
r	641	516	10	10	0	0	45s	100	1	7105
r	640	510	10	10	0	0	45s	100	1	7105
r	639	506	10	10	0	0	45s	100	1	7105
r	639	494	10	10	0	0	45s	100	1	7105
r	641	482	10	10	0	0	45s	100	1	7105
r	640	467	10	10	0	0	45s	100	1	7105
r	639	463	10	10	0	0	45s	100	1	7105
r	639	451	10	10	0	0	45s	100	1	7105
r	639	443	10	10	0	0	45s	100	1	7105
r	641	432	10	10	0	0	45s	100	1	7105
r	642	426	10	10	0	0	45s	100	1	7105
r	589	311	10	10	0	0	45s	100	1	7105
r	618	311	10	10	0	0	45s	100	1	7105
r	633	311	10	10	0	0	45s	100	1	7105
r	659	315	10	10	0	0	45s	100	1	7105
r	675	315	10	10	0	0	45s	100	1	7105
r	695	314	10	10	0	0	45s	100	1	7105
r	710	310	10	10	0	0	45s	100	1	7105
r	713	313	10	10	0	0	45s	100	1	7105
r	680	305	10	10	0	0	45s	100	1	7105
r	662	310	10	10	0	0	45s	100	1	7105
r	648	310	10	10	0	0	45s	100	1	7105
r	710	310	10	10	0	0	45s	100	1	7105
r	713	323	10	10	0	0	45s	100	1	7105
r	707	343	10	10	0	0	45s	100	1	7105
r	707	356	10	10	0	0	45s	100	1	7105
r	715	370	10	10	0	0	45s	100	1	7105
r	716	381	10	10	0	0	45s	100	1	7105
r	711	387	10	10	0	0	45s	100	1	7105
r	707	398	10	10	0	0	45s	100	1	7105
r	710	411	10	10	0	0	45s	100	1	7105
r	717	422	10	10	0	0	45s	100	1	7105
r	714	435	10	10	0	0	45s	100	1	7105
r	711	444	10	10	0	0	45s	100	1	7105
r	717	462	10	10	0	0	45s	100	1	7105
r	721	472	10	10	0	0	45s	100	1	7105
r	713	488	10	10	0	0	45s	100	1	7105
r	705	495	10	10	0	0	45s	100	1	7105
r	705	502	10	10	0	0	45s	100	1	7105
r	713	518	10	10	0	0	45s	100	1	7105
r	711	536	10	10	0	0	45s	100	1	7105
r	705	545	10	10	0	0	45s	100	1	7105
r	709	554	10	10	0	0	45s	100	1	7105
r	716	567	10	10	0	0	45s	100	1	7105
r	712	574	10	10	0	0	45s	100	1	7105
r	707	579	10	10	0	0	45s	100	1	7105
r	706	592	10	10	0	0	45s	100	1	7105
r	713	604	10	10	0	0	45s	100	1	7105
r	710	624	10	10	0	0	45s	100	1	7105
r	710	633	10	10	0	0	45s	100	1	7105
r	716	641	10	10	0	0	45s	100	1	7105
r	719	644	10	10	0	0	45s	100	1	7105
r	711	659	10	10	0	0	45s	100	1	7105
r	708	665	10	10	0	0	45s	100	1	7105
r	709	674	10	10	0	0	45s	100	1	7105
r	712	677	10	10	0	0	45s	100	1	7105
r	714	684	10	10	0	0	45s	100	1	7105
r	712	697	10	10	0	0	45s	100	1	7105
r	709	711	10	10	0	0	45s	100	1	7105
r	708	716	10	10	0	0	45s	100	1	7105
r	713	714	10	10	0	0	45s	100	1	7105
r	717	714	10	10	0	0	45s	100	1	7105
r	715	726	10	10	0	0	45s	100	1	7105
r	704	736	10	10	0	0	45s	100	1	7105
r	706	744	10	10	0	0	45s	100	1	7105
r	720	752	10	10	0	0	45s	100	1	7105
r	711	762	10	10	0	0	45s	100	1	7105
r	709	766	10	10	0	0	45s	100	1	7105
r	714	799	10	10	0	0	45s	100	1	7105
r	701	822	10	10	0	0	45s	100	1	7105
r	691	835	10	10	0	0	45s	100	1	7105
r	677	840	10	10	0	0	45s	100	1	7105
r	669	850	10	10	0	0	45s	100	1	7105
r	675	867	10	10	0	0	45s	100	1	7105
r	681	875	10	10	0	0	45s	100	1	7105
r	698	878	10	10	0	0	45s	100	1	7105
r	686	892	10	10	0	0	45s	100	1	7105
r	686	892	10	10	0	0	45s	100	1	7105
r	703	893	10	10	0	0	45s	100	1	7105
r	724	893	10	10	0	0	45s	100	1	7105
r	739	896	10	10	0	0	45s	100	1	7105
r	746	891	10	10	0	0	45s	100	1	7105
r	745	881	10	10	0	0	45s	100	1	7105
r	741	857	10	10	0	0	45s	100	1	7105
r	741	847	10	10	0	0	45s	100	1	7105
r	735	840	10	10	0	0	45s	100	1	7105
r	704	845	10	10	0	0	45s	100	1	7105
r	691	856	10	10	0	0	45s	100	1	7105
r	692	862	10	10	0	0	45s	100	1	7105
r	711	865	10	10	0	0	45s	100	1	7105
r	729	861	10	10	0	0	45s	100	1	7105
r	724	846	10	10	0	0	45s	100	1	7105
r	714	841	10	10	0	0	45s	100	1	7105
r	712	837	10	10	0	0	45s	100	1	7105
r	671	866	10	10	0	0	45s	100	1	7105
r	667	866	10	10	0	0	45s	100	1	7105
r	643	866	10	10	0	0	45s	100	1	7105
r	632	865	10	10	0	0	45s	100	1	7105
r	607	865	10	10	0	0	45s	100	1	7105
r	598	867	10	10	0	0	45s	100	1	7105
r	578	869	10	10	0	0	45s	100	1	7105
r	570	869	10	10	0	0	45s	100	1	7105
r	557	866	10	10	0	0	45s	100	1	7105
r	551	860	10	10	0	0	45s	100	1	7105
r	551	846	10	10	0	0	45s	100	1	7105
r	549	836	10	10	0	0	45s	100	1	7105
r	547	827	10	10	0	0	45s	100	1	7105
r	550	816	10	10	0	0	45s	100	1	7105
r	554	808	10	10	0	0	45s	100	1	7105
r	547	796	10	10	0	0	45s	100	1	7105
r	547	784	10	10	0	0	45s	100	1	7105
r	551	776	10	10	0	0	45s	100	1	7105
r	548	767	10	10	0	0	45s	100	1	7105
r	548	745	10	10	0	0	45s	100	1	7105
r	548	738	10	10	0	0	45s	100	1	7105
r	554	719	10	10	0	0	45s	100	1	7105
r	556	704	10	10	0	0	45s	100	1	7105
r	552	698	10	10	0	0	45s	100	1	7105
r	548	682	10	10	0	0	45s	100	1	7105
r	548	667	10	10	0	0	45s	100	1	7105
r	549	654	10	10	0	0	45s	100	1	7105
r	555	637	10	10	0	0	45s	100	1	7105
r	558	629	10	10	0	0	45s	100	1	7105
r	569	625	10	10	0	0	45s	100	1	7105
r	589	625	10	10	0	0	45s	100	1	7105
r	608	622	10	10	0	0	45s	100	1	7105
r	623	622	10	10	0	0	45s	100	1	7105
r	633	622	10	10	0	0	45s	100	1	7105
r	636	642	10	10	0	0	45s	100	1	7105
r	632	654	10	10	0	0	45s	100	1	7105
r	632	671	10	10	0	0	45s	100	1	7105
r	633	685	10	10	0	0	45s	100	1	7105
r	638	695	10	10	0	0	45s	100	1	7105
r	636	717	10	10	0	0	45s	100	1	7105
r	634	724	10	10	0	0	45s	100	1	7105
r	646	710	10	10	0	0	45s	100	1	7105
r	642	701	10	10	0	0	45s	100	1	7105
r	640	657	10	10	0	0	45s	100	1	7105
r	642	646	10	10	0	0	45s	100	1	7105
r	643	631	10	10	0	0	45s	100	1	7105
r	628	623	10	10	0	0	45s	100	1	7105
r	607	621	10	10	0	0	45s	100	1	7105
r	585	628	10	10	0	0	45s	100	1	7105
r	553	619	10	10	0	0	45s	100	1	7105
r	549	619	10	10	0	0	45s	100	1	7105
r	545	635	10	10	0	0	45s	100	1	7105
r	545	661	10	10	0	0	45s	100	1	7105
r	177	668	10	10	0	0	45s	100	1	7105
r	191	668	10	10	0	0	45s	100	1	7105
r	201	668	10	10	0	0	45s	100	1	7105
r	218	667	10	10	0	0	45s	100	1	7105
r	236	669	10	10	0	0	45s	100	1	7105
r	258	674	10	10	0	0	45s	100	1	7105
r	262	674	10	10	0	0	45s	100	1	7105
r	203	681	10	10	0	0	45s	100	1	7105
r	190	679	10	10	0	0	45s	100	1	7105
r	231	675	10	10	0	0	45s	100	1	7105
r	247	674	10	10	0	0	45s	100	1	7105
r	270	676	10	10	0	0	45s	100	1	7105
r	292	669	10	10	0	0	45s	100	1	7105
r	309	668	10	10	0	0	45s	100	1	7105
r	326	668	10	10	0	0	45s	100	1	7105
r	347	672	10	10	0	0	45s	100	1	7105
r	383	668	10	10	0	0	45s	100	1	7105
r	408	661	10	10	0	0	45s	100	1	7105
r	416	666	10	10	0	0	45s	100	1	7105
r	417	673	10	10	0	0	45s	100	1	7105
r	388	673	10	10	0	0	45s	100	1	7105
r	346	673	10	10	0	0	45s	100	1	7105
r	291	674	10	10	0	0	45s	100	1	7105
r	289	674	10	10	0	0	45s	100	1	7105
r	391	674	10	10	0	0	45s	100	1	7105
r	407	665	10	10	0	0	45s	100	1	7105
r	409	632	10	10	0	0	45s	100	1	7105
r	408	623	10	10	0	0	45s	100	1	7105
r	423	612	10	10	0	0	45s	100	1	7105
r	413	594	10	10	0	0	45s	100	1	7105
r	414	587	10	10	0	0	45s	100	1	7105
r	418	568	10	10	0	0	45s	100	1	7105
r	419	565	10	10	0	0	45s	100	1	7105
r	419	552	10	10	0	0	45s	100	1	7105
r	415	549	10	10	0	0	45s	100	1	7105
r	422	534	10	10	0	0	45s	100	1	7105
r	414	527	10	10	0	0	45s	100	1	7105
r	424	514	10	10	0	0	45s	100	1	7105
r	412	501	10	10	0	0	45s	100	1	7105
r	422	487	10	10	0	0	45s	100	1	7105
r	410	475	10	10	0	0	45s	100	1	7105
r	419	461	10	10	0	0	45s	100	1	7105
r	424	449	10	10	0	0	45s	100	1	7105
r	439	452	10	10	0	0	45s	100	1	7105
r	445	439	10	10	0	0	45s	100	1	7105
r	447	419	10	10	0	0	45s	100	1	7105
r	446	411	10	10	0	0	45s	100	1	7105
r	442	400	10	10	0	0	45s	100	1	7105
r	441	398	10	10	0	0	45s	100	1	7105
r	432	394	10	10	0	0	45s	100	1	7105
r	411	396	10	10	0	0	45s	100	1	7105
r	402	401	10	10	0	0	45s	100	1	7105
r	394	408	10	10	0	0	45s	100	1	7105
r	391	428	10	10	0	0	45s	100	1	7105
r	392	437	10	10	0	0	45s	100	1	7105
r	396	446	10	10	0	0	45s	100	1	7105
r	412	447	10	10	0	0	45s	100	1	7105
r	413	438	10	10	0	0	45s	100	1	7105
r	429	419	10	10	0	0	45s	100	1	7105
r	430	413	10	10	0	0	45s	100	1	7105
r	411	413	10	10	0	0	45s	100	1	7105
r	406	427	10	10	0	0	45s	100	1	7105
r	397	423	10	10	0	0	45s	100	1	7105
r	396	403	10	10	0	0	45s	100	1	7105
r	380	419	10	10	0	0	45s	100	1	7105
r	175	726	10	10	0	0	45s	100	1	7105
r	194	723	10	10	0	0	45s	100	1	7105
r	209	723	10	10	0	0	45s	100	1	7105
r	182	737	10	10	0	0	45s	100	1	7105
r	188	738	10	10	0	0	45s	100	1	7105
r	229	729	10	10	0	0	45s	100	1	7105
r	244	729	10	10	0	0	45s	100	1	7105
r	274	724	10	10	0	0	45s	100	1	7105
r	298	720	10	10	0	0	45s	100	1	7105
r	315	720	10	10	0	0	45s	100	1	7105
r	341	725	10	10	0	0	45s	100	1	7105
r	371	729	10	10	0	0	45s	100	1	7105
r	360	733	10	10	0	0	45s	100	1	7105
r	337	733	10	10	0	0	45s	100	1	7105
r	304	733	10	10	0	0	45s	100	1	7105
r	283	734	10	10	0	0	45s	100	1	7105
r	252	734	10	10	0	0	45s	100	1	7105
r	315	736	10	10	0	0	45s	100	1	7105
r	351	732	10	10	0	0	45s	100	1	7105
r	368	728	10	10	0	0	45s	100	1	7105
r	408	721	10	10	0	0	45s	100	1	7105
r	432	724	10	10	0	0	45s	100	1	7105
r	446	726	10	10	0	0	45s	100	1	7105
r	460	728	10	10	0	0	45s	100	1	7105
r	463	730	10	10	0	0	45s	100	1	7105
r	441	736	10	10	0	0	45s	100	1	7105
r	416	736	10	10	0	0	45s	100	1	7105
r	394	736	10	10	0	0	45s	100	1	7105
r	446	738	10	10	0	0	45s	100	1	7105
r	459	751	10	10	0	0	45s	100	1	7105
r	463	761	10	10	0	0	45s	100	1	7105
r	453	774	10	10	0	0	45s	100	1	7105
r	461	787	10	10	0	0	45s	100	1	7105
r	472	797	10	10	0	0	45s	100	1	7105
r	474	815	10	10	0	0	45s	100	1	7105
r	465	826	10	10	0	0	45s	100	1	7105
r	459	831	10	10	0	0	45s	100	1	7105
r	460	790	10	10	0	0	45s	100	1	7105
r	457	807	10	10	0	0	45s	100	1	7105
r	460	824	10	10	0	0	45s	100	1	7105
r	466	840	10	10	0	0	45s	100	1	7105
r	466	845	10	10	0	0	45s	100	1	7105
r	454	855	10	10	0	0	45s	100	1	7105
r	462	875	10	10	0	0	45s	100	1	7105
r	461	887	10	10	0	0	45s	100	1	7105
r	462	896	10	10	0	0	45s	100	1	7105
r	466	902	10	10	0	0	45s	100	1	7105
r	461	913	10	10	0	0	45s	100	1	7105
r	458	931	10	10	0	0	45s	100	1	7105
r	463	938	10	10	0	0	45s	100	1	7105
r	456	970	10	10	0	0	45s	100	1	7105
r	460	982	10	10	0	0	45s	100	1	7105
r	432	994	10	10	0	0	45s	100	1	7105
r	427	1001	10	10	0	0	45s	100	1	7105
r	425	1019	10	10	0	0	45s	100	1	7105
r	431	1039	10	10	0	0	45s	100	1	7105
r	437	1048	10	10	0	0	45s	100	1	7105
r	454	1051	10	10	0	0	45s	100	1	7105
r	474	1048	10	10	0	0	45s	100	1	7105
r	492	1046	10	10	0	0	45s	100	1	7105
r	497	1019	10	10	0	0	45s	100	1	7105
r	487	1009	10	10	0	0	45s	100	1	7105
r	477	1004	10	10	0	0	45s	100	1	7105
r	448	1006	10	10	0	0	45s	100	1	7105
r	444	1011	10	10	0	0	45s	100	1	7105
r	439	1024	10	10	0	0	45s	100	1	7105
r	458	1029	10	10	0	0	45s	100	1	7105
r	471	1031	10	10	0	0	45s	100	1	7105
r	485	1019	10	10	0	0	45s	100	1	7105
r	470	1008	10	10	0	0	45s	100	1	7105
r	463	1015	10	10	0	0	45s	100	1	7105
r	463	1042	10	10	0	0	45s	100	1	7105
r	432	1053	10	10	0	0	45s	100	1	7105
r	326	757	10	10	0	0	45s	100	1	7105
r	335	752	10	10	0	0	45s	100	1	7105
r	332	769	10	10	0	0	45s	100	1	7105
r	326	779	10	10	0	0	45s	100	1	7105
r	324	794	10	10	0	0	45s	100	1	7105
r	333	804	10	10	0	0	45s	100	1	7105
r	333	810	10	10	0	0	45s	100	1	7105
r	323	823	10	10	0	0	45s	100	1	7105
r	323	832	10	10	0	0	45s	100	1	7105
r	336	847	10	10	0	0	45s	100	1	7105
r	330	860	10	10	0	0	45s	100	1	7105
r	323	871	10	10	0	0	45s	100	1	7105
r	322	879	10	10	0	0	45s	100	1	7105
r	330	897	10	10	0	0	45s	100	1	7105
r	331	906	10	10	0	0	45s	100	1	7105
r	322	919	10	10	0	0	45s	100	1	7105
r	325	925	10	10	0	0	45s	100	1	7105
r	332	930	10	10	0	0	45s	100	1	7105
r	333	941	10	10	0	0	45s	100	1	7105
r	325	952	10	10	0	0	45s	100	1	7105
r	319	959	10	10	0	0	45s	100	1	7105
r	319	966	10	10	0	0	45s	100	1	7105
r	329	989	10	10	0	0	45s	100	1	7105
r	327	998	10	10	0	0	45s	100	1	7105
r	322	1006	10	10	0	0	45s	100	1	7105
r	320	1011	10	10	0	0	45s	100	1	7105
r	328	1017	10	10	0	0	45s	100	1	7105
r	342	1024	10	10	0	0	45s	100	1	7105
r	361	1026	10	10	0	0	45s	100	1	7105
r	384	1026	10	10	0	0	45s	100	1	7105
r	401	1025	10	10	0	0	45s	100	1	7105
r	417	1024	10	10	0	0	45s	100	1	7105
r	353	1026	10	10	0	0	45s	100	1	7105
r	338	1027	10	10	0	0	45s	100	1	7105
r	314	1027	10	10	0	0	45s	100	1	7105
r	300	1025	10	10	0	0	45s	100	1	7105
r	274	1023	10	10	0	0	45s	100	1	7105
r	258	1023	10	10	0	0	45s	100	1	7105
r	244	1019	10	10	0	0	45s	100	1	7105
r	231	1006	10	10	0	0	45s	100	1	7105
r	224	998	10	10	0	0	45s	100	1	7105
r	213	996	10	10	0	0	45s	100	1	7105
r	199	996	10	10	0	0	45s	100	1	7105
r	178	999	10	10	0	0	45s	100	1	7105
r	172	1007	10	10	0	0	45s	100	1	7105
r	183	1014	10	10	0	0	45s	100	1	7105
r	212	1016	10	10	0	0	45s	100	1	7105
r	228	1023	10	10	0	0	45s	100	1	7105
r	204	1034	10	10	0	0	45s	100	1	7105
r	184	1020	10	10	0	0	45s	100	1	7105
r	173	1017	10	10	0	0	45s	100	1	7105
r	167	1027	10	10	0	0	45s	100	1	7105
r	164	1042	10	10	0	0	45s	100	1	7105
r	183	1051	10	10	0	0	45s	100	1	7105
r	196	1052	10	10	0	0	45s	100	1	7105
r	230	1052	10	10	0	0	45s	100	1	7105
r	226	1045	10	10	0	0	45s	100	1	7105
r	215	1037	10	10	0	0	45s	100	1	7105
r	201	1035	10	10	0	0	45s	100	1	7105
r	191	1035	10	10	0	0	45s	100	1	7105
r	190	1035	10	10	0	0	45s	100	1	7105
r	212	1011	10	10	0	0	45s	100	1	7105
r	212	1010	10	10	0	0	45s	100	1	7105
r	194	1008	10	10	0	0	45s	100	1	7105
r	204	1019	10	10	0	0	45s	100	1	7105
r	182	1000	10	10	0	0	45s	100	1	7105
r	134	1018	10	10	0	0	45s	100	1	7106
r	131	1031	10	10	0	0	45s	100	1	7106
r	108	1031	10	10	0	0	45s	100	1	7106
r	103	1029	10	10	0	0	45s	100	1	7106
r	99	1017	10	10	0	0	45s	100	1	7106
r	91	1017	10	10	0	0	45s	100	1	7106
r	74	1031	10	10	0	0	45s	100	1	7106
r	59	1036	10	10	0	0	45s	100	1	7106
r	62	1014	10	10	0	0	45s	100	1	7106
r	79	1000	10	10	0	0	45s	100	1	7106
r	67	992	10	10	0	0	45s	100	1	7106
r	59	989	10	10	0	0	45s	100	1	7106
r	57	983	10	10	0	0	45s	100	1	7106
r	61	975	10	10	0	0	45s	100	1	7106
r	68	968	10	10	0	0	45s	100	1	7106
r	64	962	10	10	0	0	45s	100	1	7106
r	56	959	10	10	0	0	45s	100	1	7106
r	54	957	10	10	0	0	45s	100	1	7106
r	71	940	10	10	0	0	45s	100	1	7106
r	58	928	10	10	0	0	45s	100	1	7106
r	60	907	10	10	0	0	45s	100	1	7106
r	60	892	10	10	0	0	45s	100	1	7106
r	62	887	10	10	0	0	45s	100	1	7106
r	59	875	10	10	0	0	45s	100	1	7106
r	84	873	10	10	0	0	45s	100	1	7106
r	84	876	10	10	0	0	45s	100	1	7106
r	111	874	10	10	0	0	45s	100	1	7106
r	123	877	10	10	0	0	45s	100	1	7106
r	135	880	10	10	0	0	45s	100	1	7106
r	149	871	10	10	0	0	45s	100	1	7106
r	159	867	10	10	0	0	45s	100	1	7106
r	169	849	10	10	0	0	45s	100	1	7106
r	176	847	10	10	0	0	45s	100	1	7106
r	193	846	10	10	0	0	45s	100	1	7106
r	214	845	10	10	0	0	45s	100	1	7106
r	219	847	10	10	0	0	45s	100	1	7106
r	225	861	10	10	0	0	45s	100	1	7106
r	226	881	10	10	0	0	45s	100	1	7106
r	224	889	10	10	0	0	45s	100	1	7106
r	219	899	10	10	0	0	45s	100	1	7106
r	189	906	10	10	0	0	45s	100	1	7106
r	175	906	10	10	0	0	45s	100	1	7106
r	168	894	10	10	0	0	45s	100	1	7106
r	167	872	10	10	0	0	45s	100	1	7106
r	172	857	10	10	0	0	45s	100	1	7106
r	190	847	10	10	0	0	45s	100	1	7106
r	204	854	10	10	0	0	45s	100	1	7106
r	209	863	10	10	0	0	45s	100	1	7106
r	202	870	10	10	0	0	45s	100	1	7106
r	192	872	10	10	0	0	45s	100	1	7106
r	174	880	10	10	0	0	45s	100	1	7106
r	172	884	10	10	0	0	45s	100	1	7106
r	189	890	10	10	0	0	45s	100	1	7106
r	207	885	10	10	0	0	45s	100	1	7106
r	214	872	10	10	0	0	45s	100	1	7106
r	208	853	10	10	0	0	45s	100	1	7106
r	186	840	10	10	0	0	45s	100	1	7106
r	174	845	10	10	0	0	45s	100	1	7106
r	172	869	10	10	0	0	45s	100	1	7106
r	174	882	10	10	0	0	45s	100	1	7106
r	206	888	10	10	0	0	45s	100	1	7106
r	229	882	10	10	0	0	45s	100	1	7106
r	221	900	10	10	0	0	45s	100	1	7106
r	192	905	10	10	0	0	45s	100	1	7106
r	172	904	10	10	0	0	45s	100	1	7106
r	63	1048	10	10	0	0	45s	100	1	7106
r	68	1079	10	10	0	0	45s	100	1	7106
r	70	1095	10	10	0	0	45s	100	1	7106
r	67	1108	10	10	0	0	45s	100	1	7106
r	62	1114	10	10	0	0	45s	100	1	7106
r	60	1128	10	10	0	0	45s	100	1	7106
r	63	1140	10	10	0	0	45s	100	1	7106
r	62	1159	10	10	0	0	45s	100	1	7106
r	62	1186	10	10	0	0	45s	100	1	7106
r	65	1091	10	10	0	0	45s	100	1	7106
r	58	1105	10	10	0	0	45s	100	1	7106
r	66	1130	10	10	0	0	45s	100	1	7106
r	68	1147	10	10	0	0	45s	100	1	7106
r	68	1164	10	10	0	0	45s	100	1	7106
r	57	1190	10	10	0	0	45s	100	1	7106
r	55	1202	10	10	0	0	45s	100	1	7106
r	59	1214	10	10	0	0	45s	100	1	7106
r	62	1222	10	10	0	0	45s	100	1	7106
r	63	1234	10	10	0	0	45s	100	1	7106
r	55	1252	10	10	0	0	45s	100	1	7106
r	57	1265	10	10	0	0	45s	100	1	7106
r	61	1276	10	10	0	0	45s	100	1	7106
r	62	1287	10	10	0	0	45s	100	1	7106
r	64	1300	10	10	0	0	45s	100	1	7106
r	77	1304	10	10	0	0	45s	100	1	7106
r	86	1308	10	10	0	0	45s	100	1	7106
r	93	1329	10	10	0	0	45s	100	1	7106
r	93	1349	10	10	0	0	45s	100	1	7106
r	91	1360	10	10	0	0	45s	100	1	7106
r	84	1367	10	10	0	0	45s	100	1	7106
r	69	1369	10	10	0	0	45s	100	1	7106
r	36	1365	10	10	0	0	45s	100	1	7106
r	33	1363	10	10	0	0	45s	100	1	7106
r	28	1331	10	10	0	0	45s	100	1	7106
r	31	1315	10	10	0	0	45s	100	1	7106
r	44	1310	10	10	0	0	45s	100	1	7106
r	62	1310	10	10	0	0	45s	100	1	7106
r	77	1331	10	10	0	0	45s	100	1	7106
r	77	1340	10	10	0	0	45s	100	1	7106
r	66	1346	10	10	0	0	45s	100	1	7106
r	50	1349	10	10	0	0	45s	100	1	7106
r	42	1335	10	10	0	0	45s	100	1	7106
r	54	1324	10	10	0	0	45s	100	1	7106
r	64	1321	10	10	0	0	45s	100	1	7106
r	63	1340	10	10	0	0	45s	100	1	7106
r	56	1345	10	10	0	0	45s	100	1	7106
r	49	1349	10	10	0	0	45s	100	1	7106
r	69	1366	10	10	0	0	45s	100	1	7106
r	88	1353	10	10	0	0	45s	100	1	7106
r	92	1327	10	10	0	0	45s	100	1	7106
r	44	1315	10	10	0	0	45s	100	1	7106
r	39	1334	10	10	0	0	45s	100	1	7106
r	54	1355	10	10	0	0	45s	100	1	7106
r	100	1353	10	10	0	0	45s	100	1	7106
r	114	1342	10	10	0	0	45s	100	1	7106
r	123	1336	10	10	0	0	45s	100	1	7106
r	131	1335	10	10	0	0	45s	100	1	7106
r	142	1335	10	10	0	0	45s	100	1	7106
r	159	1337	10	10	0	0	45s	100	1	7106
r	202	1337	10	10	0	0	45s	100	1	7106
r	218	1338	10	10	0	0	45s	100	1	7106
r	263	1338	10	10	0	0	45s	100	1	7106
r	280	1338	10	10	0	0	45s	100	1	7106
r	291	1338	10	10	0	0	45s	100	1	7106
r	299	1338	10	10	0	0	45s	100	1	7106
r	255	1338	10	10	0	0	45s	100	1	7106
r	244	1338	10	10	0	0	45s	100	1	7106
r	210	1337	10	10	0	0	45s	100	1	7106
r	182	1336	10	10	0	0	45s	100	1	7106
r	162	1338	10	10	0	0	45s	100	1	7106
r	141	1341	10	10	0	0	45s	100	1	7106
r	143	1341	10	10	0	0	45s	100	1	7106
r	173	1338	10	10	0	0	45s	100	1	7106
r	193	1338	10	10	0	0	45s	100	1	7106
r	226	1338	10	10	0	0	45s	100	1	7106
r	262	1343	10	10	0	0	45s	100	1	7106
r	270	1342	10	10	0	0	45s	100	1	7106
r	286	1341	10	10	0	0	45s	100	1	7106
r	295	1340	10	10	0	0	45s	100	1	7106
r	307	1339	10	10	0	0	45s	100	1	7106
r	336	1332	10	10	0	0	45s	100	1	7106
r	330	1317	10	10	0	0	45s	100	1	7106
r	343	1310	10	10	0	0	45s	100	1	7106
r	373	1310	10	10	0	0	45s	100	1	7106
r	383	1310	10	10	0	0	45s	100	1	7106
r	390	1319	10	10	0	0	45s	100	1	7106
r	387	1331	10	10	0	0	45s	100	1	7106
r	352	1329	10	10	0	0	45s	100	1	7106
r	327	1336	10	10	0	0	45s	100	1	7106
r	322	1348	10	10	0	0	45s	100	1	7106
r	334	1360	10	10	0	0	45s	100	1	7106
r	356	1364	10	10	0	0	45s	100	1	7106
r	382	1351	10	10	0	0	45s	100	1	7106
r	366	1327	10	10	0	0	45s	100	1	7106
r	349	1337	10	10	0	0	45s	100	1	7106
r	364	1353	10	10	0	0	45s	100	1	7106
r	380	1348	10	10	0	0	45s	100	1	7106
r	369	1329	10	10	0	0	45s	100	1	7106
r	353	1330	10	10	0	0	45s	100	1	7106
r	192	1070	10	10	0	0	45s	100	1	7106
r	199	1086	10	10	0	0	45s	100	1	7106
r	191	1097	10	10	0	0	45s	100	1	7106
r	187	1104	10	10	0	0	45s	100	1	7106
r	198	1116	10	10	0	0	45s	100	1	7106
r	193	1131	10	10	0	0	45s	100	1	7106
r	180	1145	10	10	0	0	45s	100	1	7106
r	174	1154	10	10	0	0	45s	100	1	7106
r	176	1157	10	10	0	0	45s	100	1	7106
r	200	1157	10	10	0	0	45s	100	1	7106
r	216	1160	10	10	0	0	45s	100	1	7106
r	228	1170	10	10	0	0	45s	100	1	7106
r	214	1178	10	10	0	0	45s	100	1	7106
r	190	1171	10	10	0	0	45s	100	1	7106
r	176	1168	10	10	0	0	45s	100	1	7106
r	167	1170	10	10	0	0	45s	100	1	7106
r	164	1195	10	10	0	0	45s	100	1	7106
r	199	1192	10	10	0	0	45s	100	1	7106
r	215	1194	10	10	0	0	45s	100	1	7106
r	227	1203	10	10	0	0	45s	100	1	7106
r	225	1219	10	10	0	0	45s	100	1	7106
r	199	1218	10	10	0	0	45s	100	1	7106
r	157	1211	10	10	0	0	45s	100	1	7106
r	154	1212	10	10	0	0	45s	100	1	7106
r	180	1189	10	10	0	0	45s	100	1	7106
r	207	1184	10	10	0	0	45s	100	1	7106
r	260	1196	10	10	0	0	45s	100	1	7106
r	259	1193	10	10	0	0	45s	100	1	7106
r	250	1187	10	10	0	0	45s	100	1	7106
r	260	1179	10	10	0	0	45s	100	1	7106
r	269	1179	10	10	0	0	45s	100	1	7106
r	277	1184	10	10	0	0	45s	100	1	7106
r	286	1186	10	10	0	0	45s	100	1	7106
r	301	1178	10	10	0	0	45s	100	1	7106
r	299	1191	10	10	0	0	45s	100	1	7106
r	288	1195	10	10	0	0	45s	100	1	7106
r	355	1173	10	10	0	0	45s	100	1	7106
r	357	1176	10	10	0	0	45s	100	1	7106
r	350	1193	10	10	0	0	45s	100	1	7106
r	365	1193	10	10	0	0	45s	100	1	7106
r	382	1181	10	10	0	0	45s	100	1	7106
r	389	1177	10	10	0	0	45s	100	1	7106
r	401	1186	10	10	0	0	45s	100	1	7106
r	414	1185	10	10	0	0	45s	100	1	7106
r	426	1165	10	10	0	0	45s	100	1	7106
r	430	1161	10	10	0	0	45s	100	1	7106
r	439	1157	10	10	0	0	45s	100	1	7106
r	454	1133	10	10	0	0	45s	100	1	7106
r	454	1125	10	10	0	0	45s	100	1	7106
r	456	1095	10	10	0	0	45s	100	1	7106
r	457	1085	10	10	0	0	45s	100	1	7106
r	461	1062	10	10	0	0	45s	100	1	7106
r	463	1069	10	10	0	0	45s	100	1	7106
r	464	1097	10	10	0	0	45s	100	1	7106
r	469	1133	10	10	0	0	45s	100	1	7106
r	467	1153	10	10	0	0	45s	100	1	7106
r	460	1158	10	10	0	0	45s	100	1	7106
r	480	1156	10	10	0	0	45s	100	1	7106
r	489	1156	10	10	0	0	45s	100	1	7106
r	492	1160	10	10	0	0	45s	100	1	7106
r	473	1170	10	10	0	0	45s	100	1	7106
r	464	1172	10	10	0	0	45s	100	1	7106
r	432	1180	10	10	0	0	45s	100	1	7106
r	429	1182	10	10	0	0	45s	100	1	7106
r	485	1177	10	10	0	0	45s	100	1	7106
r	491	1177	10	10	0	0	45s	100	1	7106
r	490	1188	10	10	0	0	45s	100	1	7106
r	473	1190	10	10	0	0	45s	100	1	7106
r	457	1190	10	10	0	0	45s	100	1	7106
r	426	1209	10	10	0	0	45s	100	1	7106
r	425	1210	10	10	0	0	45s	100	1	7106
r	435	1214	10	10	0	0	45s	100	1	7106
r	450	1216	10	10	0	0	45s	100	1	7106
r	465	1218	10	10	0	0	45s	100	1	7106
r	484	1211	10	10	0	0	45s	100	1	7106
r	488	1210	10	10	0	0	45s	100	1	7106
r	452	1198	10	10	0	0	45s	100	1	7106
r	446	1191	10	10	0	0	45s	100	1	7106
r	454	1177	10	10	0	0	45s	100	1	7106
r	470	1179	10	10	0	0	45s	100	1	7106
r	481	1186	10	10	0	0	45s	100	1	7106
r	524	1176	10	10	0	0	45s	100	1	7106
r	541	1176	10	10	0	0	45s	100	1	7106
r	562	1181	10	10	0	0	45s	100	1	7106
r	576	1183	10	10	0	0	45s	100	1	7106
r	588	1185	10	10	0	0	45s	100	1	7106
r	551	1194	10	10	0	0	45s	100	1	7106
r	538	1193	10	10	0	0	45s	100	1	7106
r	527	1193	10	10	0	0	45s	100	1	7106
r	573	1193	10	10	0	0	45s	100	1	7106
r	593	1193	10	10	0	0	45s	100	1	7106
r	603	1192	10	10	0	0	45s	100	1	7106
r	633	1190	10	10	0	0	45s	100	1	7106
r	652	1186	10	10	0	0	45s	100	1	7106
r	669	1186	10	10	0	0	45s	100	1	7106
r	686	1186	10	10	0	0	45s	100	1	7106
r	692	1185	10	10	0	0	45s	100	1	7106
r	699	1180	10	10	0	0	45s	100	1	7106
r	702	1168	10	10	0	0	45s	100	1	7106
r	700	1149	10	10	0	0	45s	100	1	7106
r	699	1142	10	10	0	0	45s	100	1	7106
r	696	1130	10	10	0	0	45s	100	1	7106
r	694	1120	10	10	0	0	45s	100	1	7106
r	702	1105	10	10	0	0	45s	100	1	7106
r	691	1094	10	10	0	0	45s	100	1	7106
r	690	1090	10	10	0	0	45s	100	1	7106
r	696	1082	10	10	0	0	45s	100	1	7106
r	686	1052	10	10	0	0	45s	100	1	7106
r	691	1050	10	10	0	0	45s	100	1	7106
r	696	1036	10	10	0	0	45s	100	1	7106
r	717	1036	10	10	0	0	45s	100	1	7106
r	734	1035	10	10	0	0	45s	100	1	7106
r	708	1040	10	10	0	0	45s	100	1	7106
r	707	1063	10	10	0	0	45s	100	1	7106
r	696	1088	10	10	0	0	45s	100	1	7106
r	696	1153	10	10	0	0	45s	100	1	7106
r	684	1168	10	10	0	0	45s	100	1	7106
r	664	1177	10	10	0	0	45s	100	1	7106
r	628	1172	10	10	0	0	45s	100	1	7106
r	605	1171	10	10	0	0	45s	100	1	7106
r	593	1174	10	10	0	0	45s	100	1	7106
r	593	1174	10	10	0	0	45s	100	1	7106
r	594	1147	10	10	0	0	45s	100	1	7106
r	595	1139	10	10	0	0	45s	100	1	7106
r	597	1133	10	10	0	0	45s	100	1	7106
r	596	1123	10	10	0	0	45s	100	1	7106
r	596	1113	10	10	0	0	45s	100	1	7106
r	602	1102	10	10	0	0	45s	100	1	7106
r	593	1087	10	10	0	0	45s	100	1	7106
r	598	1081	10	10	0	0	45s	100	1	7106
r	594	1072	10	10	0	0	45s	100	1	7106
r	602	1060	10	10	0	0	45s	100	1	7106
r	595	1048	10	10	0	0	45s	100	1	7106
r	597	1041	10	10	0	0	45s	100	1	7106
r	601	1030	10	10	0	0	45s	100	1	7106
r	585	1015	10	10	0	0	45s	100	1	7106
r	592	1010	10	10	0	0	45s	100	1	7106
r	593	995	10	10	0	0	45s	100	1	7106
r	597	975	10	10	0	0	45s	100	1	7106
r	599	972	10	10	0	0	45s	100	1	7106
r	612	959	10	10	0	0	45s	100	1	7106
r	632	965	10	10	0	0	45s	100	1	7106
r	652	964	10	10	0	0	45s	100	1	7106
r	663	961	10	10	0	0	45s	100	1	7106
r	674	960	10	10	0	0	45s	100	1	7106
r	688	960	10	10	0	0	45s	100	1	7106
r	703	960	10	10	0	0	45s	100	1	7106
r	712	960	10	10	0	0	45s	100	1	7106
r	723	960	10	10	0	0	45s	100	1	7106
r	736	960	10	10	0	0	45s	100	1	7106
r	760	960	10	10	0	0	45s	100	1	7106
r	775	960	10	10	0	0	45s	100	1	7106
r	798	960	10	10	0	0	45s	100	1	7106
r	809	960	10	10	0	0	45s	100	1	7106
r	818	960	10	10	0	0	45s	100	1	7106
r	834	967	10	10	0	0	45s	100	1	7106
r	838	978	10	10	0	0	45s	100	1	7106
r	838	989	10	10	0	0	45s	100	1	7106
r	835	1001	10	10	0	0	45s	100	1	7106
r	832	1012	10	10	0	0	45s	100	1	7106
r	832	1017	10	10	0	0	45s	100	1	7106
r	413	1332	10	10	0	0	45s	100	1	7106
r	424	1332	10	10	0	0	45s	100	1	7106
r	426	1335	10	10	0	0	45s	100	1	7106
r	408	1343	10	10	0	0	45s	100	1	7106
r	403	1344	10	10	0	0	45s	100	1	7106
r	446	1344	10	10	0	0	45s	100	1	7106
r	460	1344	10	10	0	0	45s	100	1	7106
r	476	1343	10	10	0	0	45s	100	1	7106
r	493	1342	10	10	0	0	45s	100	1	7106
r	512	1340	10	10	0	0	45s	100	1	7106
r	524	1340	10	10	0	0	45s	100	1	7106
r	552	1339	10	10	0	0	45s	100	1	7106
r	578	1342	10	10	0	0	45s	100	1	7106
r	595	1345	10	10	0	0	45s	100	1	7106
r	622	1345	10	10	0	0	45s	100	1	7106
r	659	1342	10	10	0	0	45s	100	1	7106
r	678	1337	10	10	0	0	45s	100	1	7106
r	690	1337	10	10	0	0	45s	100	1	7106
r	707	1336	10	10	0	0	45s	100	1	7106
r	685	1333	10	10	0	0	45s	100	1	7106
r	667	1333	10	10	0	0	45s	100	1	7106
r	650	1333	10	10	0	0	45s	100	1	7106
r	647	1333	10	10	0	0	45s	100	1	7106
r	641	1333	10	10	0	0	45s	100	1	7106
r	623	1333	10	10	0	0	45s	100	1	7106
r	596	1333	10	10	0	0	45s	100	1	7106
r	580	1333	10	10	0	0	45s	100	1	7106
r	564	1333	10	10	0	0	45s	100	1	7106
r	546	1333	10	10	0	0	45s	100	1	7106
r	511	1333	10	10	0	0	45s	100	1	7106
r	480	1333	10	10	0	0	45s	100	1	7106
r	462	1335	10	10	0	0	45s	100	1	7106
r	442	1335	10	10	0	0	45s	100	1	7106
r	415	1336	10	10	0	0	45s	100	1	7106
r	720	1347	10	10	0	0	45s	100	1	7106
r	734	1337	10	10	0	0	45s	100	1	7106
r	748	1322	10	10	0	0	45s	100	1	7106
r	741	1310	10	10	0	0	45s	100	1	7106
r	751	1306	10	10	0	0	45s	100	1	7106
r	780	1308	10	10	0	0	45s	100	1	7106
r	787	1312	10	10	0	0	45s	100	1	7106
r	794	1322	10	10	0	0	45s	100	1	7106
r	792	1327	10	10	0	0	45s	100	1	7106
r	761	1328	10	10	0	0	45s	100	1	7106
r	754	1324	10	10	0	0	45s	100	1	7106
r	784	1311	10	10	0	0	45s	100	1	7106
r	789	1311	10	10	0	0	45s	100	1	7106
r	802	1333	10	10	0	0	45s	100	1	7106
r	805	1344	10	10	0	0	45s	100	1	7106
r	799	1348	10	10	0	0	45s	100	1	7106
r	763	1336	10	10	0	0	45s	100	1	7106
r	776	1330	10	10	0	0	45s	100	1	7106
r	782	1328	10	10	0	0	45s	100	1	7106
r	790	1339	10	10	0	0	45s	100	1	7106
r	781	1351	10	10	0	0	45s	100	1	7106
r	759	1349	10	10	0	0	45s	100	1	7106
r	741	1345	10	10	0	0	45s	100	1	7106
r	739	1359	10	10	0	0	45s	100	1	7106
r	745	1364	10	10	0	0	45s	100	1	7106
r	757	1366	10	10	0	0	45s	100	1	7106
r	777	1363	10	10	0	0	45s	100	1	7106
r	798	1356	10	10	0	0	45s	100	1	7106
r	810	1357	10	10	0	0	45s	100	1	7106
r	807	1359	10	10	0	0	45s	100	1	7106
r	783	1352	10	10	0	0	45s	100	1	7106
r	800	1317	10	10	0	0	45s	100	1	7106
r	800	1311	10	10	0	0	45s	100	1	7106
r	799	1304	10	10	0	0	45s	100	1	7106
r	762	1299	10	10	0	0	45s	100	1	7106
r	827	984	10	10	0	0	45s	100	1	7106
r	829	963	10	10	0	0	45s	100	1	7106
r	830	949	10	10	0	0	45s	100	1	7106
r	843	923	10	10	0	0	45s	100	1	7106
r	835	918	10	10	0	0	45s	100	1	7106
r	830	914	10	10	0	0	45s	100	1	7106
r	825	919	10	10	0	0	45s	100	1	7106
r	824	932	10	10	0	0	45s	100	1	7106
r	828	907	10	10	0	0	45s	100	1	7106
r	826	902	10	10	0	0	45s	100	1	7106
r	832	892	10	10	0	0	45s	100	1	7106
r	829	885	10	10	0	0	45s	100	1	7106
r	824	877	10	10	0	0	45s	100	1	7106
r	831	868	10	10	0	0	45s	100	1	7106
r	833	864	10	10	0	0	45s	100	1	7106
r	831	857	10	10	0	0	45s	100	1	7106
r	833	841	10	10	0	0	45s	100	1	7106
r	837	829	10	10	0	0	45s	100	1	7106
r	826	823	10	10	0	0	45s	100	1	7106
r	826	818	10	10	0	0	45s	100	1	7106
r	835	810	10	10	0	0	45s	100	1	7106
r	837	798	10	10	0	0	45s	100	1	7106
r	829	793	10	10	0	0	45s	100	1	7106
r	830	781	10	10	0	0	45s	100	1	7106
r	830	775	10	10	0	0	45s	100	1	7106
r	818	770	10	10	0	0	45s	100	1	7106
r	806	771	10	10	0	0	45s	100	1	7106
r	793	774	10	10	0	0	45s	100	1	7106
r	786	775	10	10	0	0	45s	100	1	7106
r	775	772	10	10	0	0	45s	100	1	7106
r	774	768	10	10	0	0	45s	100	1	7106
r	767	754	10	10	0	0	45s	100	1	7106
r	768	746	10	10	0	0	45s	100	1	7106
r	776	719	10	10	0	0	45s	100	1	7106
r	772	705	10	10	0	0	45s	100	1	7106
r	767	722	10	10	0	0	45s	100	1	7106
r	769	687	10	10	0	0	45s	100	1	7106
r	769	661	10	10	0	0	45s	100	1	7106
r	771	651	10	10	0	0	45s	100	1	7106
r	773	633	10	10	0	0	45s	100	1	7106
r	773	614	10	10	0	0	45s	100	1	7106
r	771	597	10	10	0	0	45s	100	1	7106
r	772	570	10	10	0	0	45s	100	1	7106
r	776	554	10	10	0	0	45s	100	1	7106
r	782	549	10	10	0	0	45s	100	1	7106
r	789	546	10	10	0	0	45s	100	1	7106
r	803	546	10	10	0	0	45s	100	1	7106
r	814	546	10	10	0	0	45s	100	1	7106
r	823	538	10	10	0	0	45s	100	1	7106
r	831	517	10	10	0	0	45s	100	1	7106
r	831	498	10	10	0	0	45s	100	1	7106
r	837	466	10	10	0	0	45s	100	1	7106
r	833	512	10	10	0	0	45s	100	1	7106
r	829	474	10	10	0	0	45s	100	1	7106
r	829	456	10	10	0	0	45s	100	1	7106
r	830	438	10	10	0	0	45s	100	1	7106
r	834	419	10	10	0	0	45s	100	1	7106
r	836	398	10	10	0	0	45s	100	1	7106
r	836	373	10	10	0	0	45s	100	1	7106
r	832	360	10	10	0	0	45s	100	1	7106
r	825	343	10	10	0	0	45s	100	1	7106
r	835	324	10	10	0	0	45s	100	1	7106
r	836	350	10	10	0	0	45s	100	1	7106
r	837	354	10	10	0	0	45s	100	1	7106
r	821	356	10	10	0	0	45s	100	1	7106
r	834	329	10	10	0	0	45s	100	1	7106
r	834	304	10	10	0	0	45s	100	1	7106
r	831	292	10	10	0	0	45s	100	1	7106
r	822	276	10	10	0	0	45s	100	1	7106
r	821	268	10	10	0	0	45s	100	1	7106
r	832	255	10	10	0	0	45s	100	1	7106
r	832	249	10	10	0	0	45s	100	1	7106
r	827	240	10	10	0	0	45s	100	1	7106
r	828	214	10	10	0	0	45s	100	1	7106
r	828	207	10	10	0	0	45s	100	1	7106
r	829	195	10	10	0	0	45s	100	1	7106
r	829	183	10	10	0	0	45s	100	1	7106
r	832	171	10	10	0	0	45s	100	1	7106
r	839	156	10	10	0	0	45s	100	1	7106
r	830	134	10	10	0	0	45s	100	1	7106
r	828	126	10	10	0	0	45s	100	1	7106
r	833	104	10	10	0	0	45s	100	1	7106
r	836	79	10	10	0	0	45s	100	1	7106
r	822	78	10	10	0	0	45s	100	1	7106
r	808	77	10	10	0	0	45s	100	1	7106
r	805	108	10	10	0	0	45s	100	1	7106
r	802	134	10	10	0	0	45s	100	1	7106
r	826	135	10	10	0	0	45s	100	1	7106
r	842	131	10	10	0	0	45s	100	1	7106
r	851	131	10	10	0	0	45s	100	1	7106
r	867	112	10	10	0	0	45s	100	1	7106
r	861	90	10	10	0	0	45s	100	1	7106
r	861	83	10	10	0	0	45s	100	1	7106
r	850	123	10	10	0	0	45s	100	1	7106
r	861	131	10	10	0	0	45s	100	1	7106
r	863	136	10	10	0	0	45s	100	1	7106
r	856	93	10	10	0	0	45s	100	1	7106
r	853	84	10	10	0	0	45s	100	1	7106
r	841	74	10	10	0	0	45s	100	1	7106
r	825	74	10	10	0	0	45s	100	1	7106
r	793	88	10	10	0	0	45s	100	1	7106
r	798	104	10	10	0	0	45s	100	1	7106
r	835	109	10	10	0	0	45s	100	1	7106
r	838	105	10	10	0	0	45s	100	1	7106
r	853	100	10	10	0	0	45s	100	1	7106
r	767	1281	10	10	0	0	45s	100	1	7106
r	768	1278	10	10	0	0	45s	100	1	7106
r	778	1254	10	10	0	0	45s	100	1	7106
r	773	1230	10	10	0	0	45s	100	1	7106
r	773	1227	10	10	0	0	45s	100	1	7106
r	771	1216	10	10	0	0	45s	100	1	7106
r	769	1196	10	10	0	0	45s	100	1	7106
r	771	1187	10	10	0	0	45s	100	1	7106
r	775	1173	10	10	0	0	45s	100	1	7106
r	773	1160	10	10	0	0	45s	100	1	7106
r	773	1155	10	10	0	0	45s	100	1	7106
r	797	1143	10	10	0	0	45s	100	1	7106
r	812	1142	10	10	0	0	45s	100	1	7106
r	831	1139	10	10	0	0	45s	100	1	7106
r	845	1138	10	10	0	0	45s	100	1	7106
r	853	1138	10	10	0	0	45s	100	1	7106
r	802	1138	10	10	0	0	45s	100	1	7106
r	785	1138	10	10	0	0	45s	100	1	7106
r	774	1158	10	10	0	0	45s	100	1	7106
r	776	1214	10	10	0	0	45s	100	1	7106
r	770	1249	10	10	0	0	45s	100	1	7106
r	802	1130	10	10	0	0	45s	100	1	7106
r	814	1139	10	10	0	0	45s	100	1	7106
r	828	1145	10	10	0	0	45s	100	1	7106
r	834	1145	10	10	0	0	45s	100	1	7106
r	835	1145	10	10	0	0	45s	100	1	7107
r	859	1144	10	10	0	0	45s	100	1	7107
r	869	1142	10	10	0	0	45s	100	1	7107
r	881	1139	10	10	0	0	45s	100	1	7107
r	893	1146	10	10	0	0	45s	100	1	7107
r	879	1150	10	10	0	0	45s	100	1	7107
r	891	1157	10	10	0	0	45s	100	1	7107
r	891	1165	10	10	0	0	45s	100	1	7107
r	883	1180	10	10	0	0	45s	100	1	7107
r	885	1187	10	10	0	0	45s	100	1	7107
r	895	1186	10	10	0	0	45s	100	1	7107
r	895	1191	10	10	0	0	45s	100	1	7107
r	889	1211	10	10	0	0	45s	100	1	7107
r	882	1224	10	10	0	0	45s	100	1	7107
r	884	1234	10	10	0	0	45s	100	1	7107
r	895	1235	10	10	0	0	45s	100	1	7107
r	896	1240	10	10	0	0	45s	100	1	7107
r	899	1249	10	10	0	0	45s	100	1	7107
r	891	1269	10	10	0	0	45s	100	1	7107
r	890	1274	10	10	0	0	45s	100	1	7107
r	889	1286	10	10	0	0	45s	100	1	7107
r	895	1294	10	10	0	0	45s	100	1	7107
r	902	1300	10	10	0	0	45s	100	1	7107
r	908	1308	10	10	0	0	45s	100	1	7107
r	910	1315	10	10	0	0	45s	100	1	7107
r	890	1319	10	10	0	0	45s	100	1	7107
r	880	1313	10	10	0	0	45s	100	1	7107
r	874	1312	10	10	0	0	45s	100	1	7107
r	871	1312	10	10	0	0	45s	100	1	7107
r	861	1344	10	10	0	0	45s	100	1	7107
r	861	1355	10	10	0	0	45s	100	1	7107
r	878	1368	10	10	0	0	45s	100	1	7107
r	893	1368	10	10	0	0	45s	100	1	7107
r	914	1362	10	10	0	0	45s	100	1	7107
r	919	1357	10	10	0	0	45s	100	1	7107
r	922	1344	10	10	0	0	45s	100	1	7107
r	920	1320	10	10	0	0	45s	100	1	7107
r	915	1308	10	10	0	0	45s	100	1	7107
r	898	1306	10	10	0	0	45s	100	1	7107
r	876	1307	10	10	0	0	45s	100	1	7107
r	869	1311	10	10	0	0	45s	100	1	7107
r	866	1322	10	10	0	0	45s	100	1	7107
r	871	1337	10	10	0	0	45s	100	1	7107
r	886	1347	10	10	0	0	45s	100	1	7107
r	900	1343	10	10	0	0	45s	100	1	7107
r	908	1336	10	10	0	0	45s	100	1	7107
r	893	1334	10	10	0	0	45s	100	1	7107
r	886	1335	10	10	0	0	45s	100	1	7107
r	954	1338	10	10	0	0	45s	100	1	7107
r	962	1339	10	10	0	0	45s	100	1	7107
r	970	1339	10	10	0	0	45s	100	1	7107
r	990	1338	10	10	0	0	45s	100	1	7107
r	1006	1336	10	10	0	0	45s	100	1	7107
r	1024	1336	10	10	0	0	45s	100	1	7107
r	1053	1339	10	10	0	0	45s	100	1	7107
r	1059	1339	10	10	0	0	45s	100	1	7107
r	1076	1339	10	10	0	0	45s	100	1	7107
r	1088	1338	10	10	0	0	45s	100	1	7107
r	1097	1337	10	10	0	0	45s	100	1	7107
r	1102	1333	10	10	0	0	45s	100	1	7107
r	1108	1329	10	10	0	0	45s	100	1	7107
r	1109	1322	10	10	0	0	45s	100	1	7107
r	1114	1302	10	10	0	0	45s	100	1	7107
r	1114	1292	10	10	0	0	45s	100	1	7107
r	1114	1284	10	10	0	0	45s	100	1	7107
r	1110	1260	10	10	0	0	45s	100	1	7107
r	1109	1245	10	10	0	0	45s	100	1	7107
r	1116	1329	10	10	0	0	45s	100	1	7107
r	1118	1334	10	10	0	0	45s	100	1	7107
r	1112	1230	10	10	0	0	45s	100	1	7107
r	1113	1204	10	10	0	0	45s	100	1	7107
r	1114	1198	10	10	0	0	45s	100	1	7107
r	1117	1175	10	10	0	0	45s	100	1	7107
r	1112	1165	10	10	0	0	45s	100	1	7107
r	1110	1158	10	10	0	0	45s	100	1	7107
r	1118	1147	10	10	0	0	45s	100	1	7107
r	1113	1142	10	10	0	0	45s	100	1	7107
r	1111	1137	10	10	0	0	45s	100	1	7107
r	1112	1124	10	10	0	0	45s	100	1	7107
r	1115	1118	10	10	0	0	45s	100	1	7107
r	1113	1095	10	10	0	0	45s	100	1	7107
r	1116	1088	10	10	0	0	45s	100	1	7107
r	1118	1084	10	10	0	0	45s	100	1	7107
r	1116	1073	10	10	0	0	45s	100	1	7107
r	1111	1066	10	10	0	0	45s	100	1	7107
r	1112	1052	10	10	0	0	45s	100	1	7107
r	1119	1038	10	10	0	0	45s	100	1	7107
r	1118	1032	10	10	0	0	45s	100	1	7107
r	1112	1026	10	10	0	0	45s	100	1	7107
r	1112	1018	10	10	0	0	45s	100	1	7107
r	1116	1005	10	10	0	0	45s	100	1	7107
r	1118	998	10	10	0	0	45s	100	1	7107
r	1117	989	10	10	0	0	45s	100	1	7107
r	1115	980	10	10	0	0	45s	100	1	7107
r	1118	966	10	10	0	0	45s	100	1	7107
r	1115	950	10	10	0	0	45s	100	1	7107
r	1115	945	10	10	0	0	45s	100	1	7107
r	1115	924	10	10	0	0	45s	100	1	7107
r	1116	914	10	10	0	0	45s	100	1	7107
r	1118	902	10	10	0	0	45s	100	1	7107
r	1109	881	10	10	0	0	45s	100	1	7107
r	1115	879	10	10	0	0	45s	100	1	7107
r	1112	868	10	10	0	0	45s	100	1	7107
r	1098	865	10	10	0	0	45s	100	1	7107
r	1088	863	10	10	0	0	45s	100	1	7107
r	1085	847	10	10	0	0	45s	100	1	7107
r	1086	828	10	10	0	0	45s	100	1	7107
r	1094	813	10	10	0	0	45s	100	1	7107
r	1104	808	10	10	0	0	45s	100	1	7107
r	1110	806	10	10	0	0	45s	100	1	7107
r	1133	815	10	10	0	0	45s	100	1	7107
r	1152	842	10	10	0	0	45s	100	1	7107
r	1137	850	10	10	0	0	45s	100	1	7107
r	1128	850	10	10	0	0	45s	100	1	7107
r	1111	851	10	10	0	0	45s	100	1	7107
r	1098	847	10	10	0	0	45s	100	1	7107
r	1095	837	10	10	0	0	45s	100	1	7107
r	1102	807	10	10	0	0	45s	100	1	7107
r	1112	802	10	10	0	0	45s	100	1	7107
r	1131	814	10	10	0	0	45s	100	1	7107
r	1142	859	10	10	0	0	45s	100	1	7107
r	1141	836	10	10	0	0	45s	100	1	7107
r	1139	827	10	10	0	0	45s	100	1	7107
r	1134	806	10	10	0	0	45s	100	1	7107
r	1085	803	10	10	0	0	45s	100	1	7107
r	1085	800	10	10	0	0	45s	100	1	7107
r	1111	793	10	10	0	0	45s	100	1	7107
r	1127	800	10	10	0	0	45s	100	1	7107
r	1140	803	10	10	0	0	45s	100	1	7107
r	1142	803	10	10	0	0	45s	100	1	7107
r	1113	762	10	10	0	0	45s	100	1	7107
r	1114	753	10	10	0	0	45s	100	1	7107
r	1117	728	10	10	0	0	45s	100	1	7107
r	1122	722	10	10	0	0	45s	100	1	7107
r	1107	708	10	10	0	0	45s	100	1	7107
r	1115	696	10	10	0	0	45s	100	1	7107
r	1117	694	10	10	0	0	45s	100	1	7107
r	1117	689	10	10	0	0	45s	100	1	7107
r	1110	682	10	10	0	0	45s	100	1	7107
r	1108	677	10	10	0	0	45s	100	1	7107
r	1113	670	10	10	0	0	45s	100	1	7107
r	1116	665	10	10	0	0	45s	100	1	7107
r	1112	655	10	10	0	0	45s	100	1	7107
r	1112	649	10	10	0	0	45s	100	1	7107
r	1120	638	10	10	0	0	45s	100	1	7107
r	1116	633	10	10	0	0	45s	100	1	7107
r	1109	628	10	10	0	0	45s	100	1	7107
r	1107	604	10	10	0	0	45s	100	1	7107
r	1101	605	10	10	0	0	45s	100	1	7107
r	1078	608	10	10	0	0	45s	100	1	7107
r	1067	609	10	10	0	0	45s	100	1	7107
r	1052	596	10	10	0	0	45s	100	1	7107
r	1051	588	10	10	0	0	45s	100	1	7107
r	1052	553	10	10	0	0	45s	100	1	7107
r	1050	548	10	10	0	0	45s	100	1	7107
r	1050	540	10	10	0	0	45s	100	1	7107
r	1051	533	10	10	0	0	45s	100	1	7107
r	1055	525	10	10	0	0	45s	100	1	7107
r	1050	548	10	10	0	0	45s	100	1	7107
r	1050	535	10	10	0	0	45s	100	1	7107
r	1050	501	10	10	0	0	45s	100	1	7107
r	1050	495	10	10	0	0	45s	100	1	7107
r	1052	486	10	10	0	0	45s	100	1	7107
r	1054	473	10	10	0	0	45s	100	1	7107
r	1054	457	10	10	0	0	45s	100	1	7107
r	1052	442	10	10	0	0	45s	100	1	7107
r	858	456	10	10	0	0	45s	100	1	7107
r	868	456	10	10	0	0	45s	100	1	7107
r	881	458	10	10	0	0	45s	100	1	7107
r	886	465	10	10	0	0	45s	100	1	7107
r	886	471	10	10	0	0	45s	100	1	7107
r	888	481	10	10	0	0	45s	100	1	7107
r	893	490	10	10	0	0	45s	100	1	7107
r	893	497	10	10	0	0	45s	100	1	7107
r	890	505	10	10	0	0	45s	100	1	7107
r	888	512	10	10	0	0	45s	100	1	7107
r	887	521	10	10	0	0	45s	100	1	7107
r	898	537	10	10	0	0	45s	100	1	7107
r	897	545	10	10	0	0	45s	100	1	7107
r	888	559	10	10	0	0	45s	100	1	7107
r	888	564	10	10	0	0	45s	100	1	7107
r	893	574	10	10	0	0	45s	100	1	7107
r	898	584	10	10	0	0	45s	100	1	7107
r	890	596	10	10	0	0	45s	100	1	7107
r	890	602	10	10	0	0	45s	100	1	7107
r	893	607	10	10	0	0	45s	100	1	7107
r	896	612	10	10	0	0	45s	100	1	7107
r	888	627	10	10	0	0	45s	100	1	7107
r	891	642	10	10	0	0	45s	100	1	7107
r	892	643	10	10	0	0	45s	100	1	7107
r	883	646	10	10	0	0	45s	100	1	7107
r	872	648	10	10	0	0	45s	100	1	7107
r	861	661	10	10	0	0	45s	100	1	7107
r	864	673	10	10	0	0	45s	100	1	7107
r	866	686	10	10	0	0	45s	100	1	7107
r	867	698	10	10	0	0	45s	100	1	7107
r	872	707	10	10	0	0	45s	100	1	7107
r	890	708	10	10	0	0	45s	100	1	7107
r	904	705	10	10	0	0	45s	100	1	7107
r	920	694	10	10	0	0	45s	100	1	7107
r	927	676	10	10	0	0	45s	100	1	7107
r	922	658	10	10	0	0	45s	100	1	7107
r	904	651	10	10	0	0	45s	100	1	7107
r	874	669	10	10	0	0	45s	100	1	7107
r	872	678	10	10	0	0	45s	100	1	7107
r	869	700	10	10	0	0	45s	100	1	7107
r	874	702	10	10	0	0	45s	100	1	7107
r	887	698	10	10	0	0	45s	100	1	7107
r	892	683	10	10	0	0	45s	100	1	7107
r	886	678	10	10	0	0	45s	100	1	7107
r	884	673	10	10	0	0	45s	100	1	7107
r	894	664	10	10	0	0	45s	100	1	7107
r	901	663	10	10	0	0	45s	100	1	7107
r	904	673	10	10	0	0	45s	100	1	7107
r	897	686	10	10	0	0	45s	100	1	7107
r	893	692	10	10	0	0	45s	100	1	7107
r	900	705	10	10	0	0	45s	100	1	7107
r	944	1082	10	10	0	0	45s	100	1	7107
r	956	1072	10	10	0	0	45s	100	1	7107
r	958	1058	10	10	0	0	45s	100	1	7107
r	955	1043	10	10	0	0	45s	100	1	7107
r	948	1031	10	10	0	0	45s	100	1	7107
r	945	1030	10	10	0	0	45s	100	1	7107
r	939	1030	10	10	0	0	45s	100	1	7107
r	929	1030	10	10	0	0	45s	100	1	7107
r	910	1033	10	10	0	0	45s	100	1	7107
r	903	1032	10	10	0	0	45s	100	1	7107
r	900	1031	10	10	0	0	45s	100	1	7107
r	892	1029	10	10	0	0	45s	100	1	7107
r	888	1022	10	10	0	0	45s	100	1	7107
r	887	1010	10	10	0	0	45s	100	1	7107
r	890	1001	10	10	0	0	45s	100	1	7107
r	892	999	10	10	0	0	45s	100	1	7107
r	892	996	10	10	0	0	45s	100	1	7107
r	890	981	10	10	0	0	45s	100	1	7107
r	890	976	10	10	0	0	45s	100	1	7107
r	898	961	10	10	0	0	45s	100	1	7107
r	900	951	10	10	0	0	45s	100	1	7107
r	898	940	10	10	0	0	45s	100	1	7107
r	894	933	10	10	0	0	45s	100	1	7107
r	891	923	10	10	0	0	45s	100	1	7107
r	890	904	10	10	0	0	45s	100	1	7107
r	892	892	10	10	0	0	45s	100	1	7107
r	892	884	10	10	0	0	45s	100	1	7107
r	891	870	10	10	0	0	45s	100	1	7107
r	890	861	10	10	0	0	45s	100	1	7107
r	890	851	10	10	0	0	45s	100	1	7107
r	892	837	10	10	0	0	45s	100	1	7107
r	893	820	10	10	0	0	45s	100	1	7107
r	893	804	10	10	0	0	45s	100	1	7107
r	894	790	10	10	0	0	45s	100	1	7107
r	894	785	10	10	0	0	45s	100	1	7107
r	894	845	10	10	0	0	45s	100	1	7107
r	894	815	10	10	0	0	45s	100	1	7107
r	894	790	10	10	0	0	45s	100	1	7107
r	892	778	10	10	0	0	45s	100	1	7107
r	891	767	10	10	0	0	45s	100	1	7107
r	890	736	10	10	0	0	45s	100	1	7107
r	894	715	10	10	0	0	45s	100	1	7107
r	941	684	10	10	0	0	45s	100	1	7107
r	956	682	10	10	0	0	45s	100	1	7107
r	960	682	10	10	0	0	45s	100	1	7107
r	969	683	10	10	0	0	45s	100	1	7107
r	981	684	10	10	0	0	45s	100	1	7107
r	992	686	10	10	0	0	45s	100	1	7107
r	1010	690	10	10	0	0	45s	100	1	7107
r	1021	693	10	10	0	0	45s	100	1	7107
r	1024	701	10	10	0	0	45s	100	1	7107
r	1024	710	10	10	0	0	45s	100	1	7107
r	1024	722	10	10	0	0	45s	100	1	7107
r	1025	740	10	10	0	0	45s	100	1	7107
r	1025	751	10	10	0	0	45s	100	1	7107
r	1022	762	10	10	0	0	45s	100	1	7107
r	1020	767	10	10	0	0	45s	100	1	7107
r	1018	770	10	10	0	0	45s	100	1	7107
r	1013	771	10	10	0	0	45s	100	1	7107
r	981	770	10	10	0	0	45s	100	1	7107
r	993	766	10	10	0	0	45s	100	1	7107
r	995	766	10	10	0	0	45s	100	1	7107
r	968	775	10	10	0	0	45s	100	1	7107
r	964	789	10	10	0	0	45s	100	1	7107
r	964	803	10	10	0	0	45s	100	1	7107
r	964	807	10	10	0	0	45s	100	1	7107
r	965	816	10	10	0	0	45s	100	1	7107
r	965	825	10	10	0	0	45s	100	1	7107
r	965	836	10	10	0	0	45s	100	1	7107
r	965	842	10	10	0	0	45s	100	1	7107
r	965	847	10	10	0	0	45s	100	1	7107
r	961	869	10	10	0	0	45s	100	1	7107
r	961	880	10	10	0	0	45s	100	1	7107
r	961	889	10	10	0	0	45s	100	1	7107
r	962	908	10	10	0	0	45s	100	1	7107
r	962	917	10	10	0	0	45s	100	1	7107
r	966	917	10	10	0	0	45s	100	1	7107
r	973	919	10	10	0	0	45s	100	1	7107
r	983	921	10	10	0	0	45s	100	1	7107
r	990	925	10	10	0	0	45s	100	1	7107
r	1005	930	10	10	0	0	45s	100	1	7107
r	1015	932	10	10	0	0	45s	100	1	7107
r	1022	943	10	10	0	0	45s	100	1	7107
r	1022	954	10	10	0	0	45s	100	1	7107
r	1022	967	10	10	0	0	45s	100	1	7107
r	1025	981	10	10	0	0	45s	100	1	7107
r	1028	993	10	10	0	0	45s	100	1	7107
r	1026	918	10	10	0	0	45s	100	1	7107
r	1016	916	10	10	0	0	45s	100	1	7107
r	1010	918	10	10	0	0	45s	100	1	7107
r	1035	932	10	10	0	0	45s	100	1	7107
r	1031	945	10	10	0	0	45s	100	1	7107
r	1030	970	10	10	0	0	45s	100	1	7107
r	1029	988	10	10	0	0	45s	100	1	7107
r	1027	1004	10	10	0	0	45s	100	1	7107
r	1025	1017	10	10	0	0	45s	100	1	7107
r	1023	1035	10	10	0	0	45s	100	1	7107
r	1027	1072	10	10	0	0	45s	100	1	7107
r	1031	1087	10	10	0	0	45s	100	1	7107
r	1031	1098	10	10	0	0	45s	100	1	7107
r	1032	1097	10	10	0	0	45s	100	1	7107
r	1022	1063	10	10	0	0	45s	100	1	7107
r	1021	1044	10	10	0	0	45s	100	1	7107
r	1018	989	10	10	0	0	45s	100	1	7107
r	1026	1027	10	10	0	0	45s	100	1	7107
r	1026	1043	10	10	0	0	45s	100	1	7107
r	1026	1090	10	10	0	0	45s	100	1	7107
r	1030	1104	10	10	0	0	45s	100	1	7107
r	1025	1132	10	10	0	0	45s	100	1	7107
r	1025	1156	10	10	0	0	45s	100	1	7107
r	1022	1168	10	10	0	0	45s	100	1	7107
r	1007	1177	10	10	0	0	45s	100	1	7107
r	999	1183	10	10	0	0	45s	100	1	7107
r	993	1192	10	10	0	0	45s	100	1	7107
r	992	1204	10	10	0	0	45s	100	1	7107
r	994	1215	10	10	0	0	45s	100	1	7107
r	1005	1229	10	10	0	0	45s	100	1	7107
r	1022	1239	10	10	0	0	45s	100	1	7107
r	1047	1238	10	10	0	0	45s	100	1	7107
r	1054	1235	10	10	0	0	45s	100	1	7107
r	1060	1229	10	10	0	0	45s	100	1	7107
r	1062	1203	10	10	0	0	45s	100	1	7107
r	1056	1180	10	10	0	0	45s	100	1	7107
r	1036	1176	10	10	0	0	45s	100	1	7107
r	1024	1181	10	10	0	0	45s	100	1	7107
r	1015	1188	10	10	0	0	45s	100	1	7107
r	1006	1198	10	10	0	0	45s	100	1	7107
r	999	1208	10	10	0	0	45s	100	1	7107
r	996	1218	10	10	0	0	45s	100	1	7107
r	993	1230	10	10	0	0	45s	100	1	7107
r	1000	1236	10	10	0	0	45s	100	1	7107
r	1010	1236	10	10	0	0	45s	100	1	7107
r	1020	1234	10	10	0	0	45s	100	1	7107
r	1030	1227	10	10	0	0	45s	100	1	7107
r	1042	1224	10	10	0	0	45s	100	1	7107
r	1052	1217	10	10	0	0	45s	100	1	7107
r	1053	1202	10	10	0	0	45s	100	1	7107
r	1050	1192	10	10	0	0	45s	100	1	7107
r	1025	1193	10	10	0	0	45s	100	1	7107
r	1007	1209	10	10	0	0	45s	100	1	7107
r	1009	1209	10	10	0	0	45s	100	1	7107
r	1025	1210	10	10	0	0	45s	100	1	7107
r	1034	1205	10	10	0	0	45s	100	1	7107
r	1037	1204	10	10	0	0	45s	100	1	7107
r	1034	1200	10	10	0	0	45s	100	1	7107
r	1015	1208	10	10	0	0	45s	100	1	7107
r	1030	1220	10	10	0	0	45s	100	1	7107
r	1048	1229	10	10	0	0	45s	100	1	7107
r	1052	1204	10	10	0	0	45s	100	1	7107
r	1030	1188	10	10	0	0	45s	100	1	7107
r	999	1185	10	10	0	0	45s	100	1	7107
r	1006	1176	10	10	0	0	45s	100	1	7107
r	1038	1171	10	10	0	0	45s	100	1	7107
r	1051	1176	10	10	0	0	45s	100	1	7107
r	1056	1181	10	10	0	0	45s	100	1	7107
r	1058	1210	10	10	0	0	45s	100	1	7107
r	1055	1221	10	10	0	0	45s	100	1	7107
r	1049	1230	10	10	0	0	45s	100	1	7107
r	1031	1232	10	10	0	0	45s	100	1	7107
r	1012	1231	10	10	0	0	45s	100	1	7107
r	999	1224	10	10	0	0	45s	100	1	7107
r	992	1213	10	10	0	0	45s	100	1	7107
r	984	1191	10	10	0	0	45s	100	1	7107
r	981	1180	10	10	0	0	45s	100	1	7107
r	985	1174	10	10	0	0	45s	100	1	7107
r	1003	1172	10	10	0	0	45s	100	1	7107
r	1027	1172	10	10	0	0	45s	100	1	7107
r	1048	1175	10	10	0	0	45s	100	1	7107
r	1055	1177	10	10	0	0	45s	100	1	7107
r	1054	1203	10	10	0	0	45s	100	1	7107
r	1051	1221	10	10	0	0	45s	100	1	7107
r	1039	1226	10	10	0	0	45s	100	1	7107
r	1009	1232	10	10	0	0	45s	100	1	7107
r	996	1234	10	10	0	0	45s	100	1	7107
r	990	1218	10	10	0	0	45s	100	1	7107
r	996	1212	10	10	0	0	45s	100	1	7107
r	1008	1203	10	10	0	0	45s	100	1	7107
r	1021	1198	10	10	0	0	45s	100	1	7107
r	1032	1194	10	10	0	0	45s	100	1	7107
r	1039	1194	10	10	0	0	45s	100	1	7107
r	1058	1221	10	10	0	0	45s	100	1	7107
r	1058	1223	10	10	0	0	45s	100	1	7107
r	1040	1220	10	10	0	0	45s	100	1	7107
r	1036	1219	10	10	0	0	45s	100	1	7107
r	1020	1217	10	10	0	0	45s	100	1	7107
r	1026	1199	10	10	0	0	45s	100	1	7107
r	1029	1197	10	10	0	0	45s	100	1	7107
r	886	106	10	10	0	0	45s	100	1	7108
r	897	104	10	10	0	0	45s	100	1	7108
r	904	104	10	10	0	0	45s	100	1	7108
r	924	115	10	10	0	0	45s	100	1	7108
r	939	115	10	10	0	0	45s	100	1	7108
r	952	109	10	10	0	0	45s	100	1	7108
r	958	105	10	10	0	0	45s	100	1	7108
r	963	105	10	10	0	0	45s	100	1	7108
r	974	107	10	10	0	0	45s	100	1	7108
r	1000	105	10	10	0	0	45s	100	1	7108
r	1023	103	10	10	0	0	45s	100	1	7108
r	1038	104	10	10	0	0	45s	100	1	7108
r	1062	108	10	10	0	0	45s	100	1	7108
r	1087	107	10	10	0	0	45s	100	1	7108
r	1111	106	10	10	0	0	45s	100	1	7108
r	1141	106	10	10	0	0	45s	100	1	7108
r	1184	106	10	10	0	0	45s	100	1	7108
r	1212	105	10	10	0	0	45s	100	1	7108
r	1228	104	10	10	0	0	45s	100	1	7108
r	1244	104	10	10	0	0	45s	100	1	7108
r	1264	104	10	10	0	0	45s	100	1	7108
r	1272	104	10	10	0	0	45s	100	1	7108
r	1250	104	10	10	0	0	45s	100	1	7108
r	1218	105	10	10	0	0	45s	100	1	7108
r	1206	109	10	10	0	0	45s	100	1	7108
r	1191	111	10	10	0	0	45s	100	1	7108
r	1160	113	10	10	0	0	45s	100	1	7108
r	1092	113	10	10	0	0	45s	100	1	7108
r	1060	113	10	10	0	0	45s	100	1	7108
r	966	106	10	10	0	0	45s	100	1	7108
r	1195	86	10	10	0	0	45s	100	1	7108
r	1201	80	10	10	0	0	45s	100	1	7108
r	1210	79	10	10	0	0	45s	100	1	7108
r	1221	77	10	10	0	0	45s	100	1	7108
r	1242	78	10	10	0	0	45s	100	1	7108
r	1250	92	10	10	0	0	45s	100	1	7108
r	1246	107	10	10	0	0	45s	100	1	7108
r	1244	118	10	10	0	0	45s	100	1	7108
r	1242	126	10	10	0	0	45s	100	1	7108
r	1205	137	10	10	0	0	45s	100	1	7108
r	1196	137	10	10	0	0	45s	100	1	7108
r	1188	131	10	10	0	0	45s	100	1	7108
r	1194	123	10	10	0	0	45s	100	1	7108
r	1211	123	10	10	0	0	45s	100	1	7108
r	1225	131	10	10	0	0	45s	100	1	7108
r	1233	132	10	10	0	0	45s	100	1	7108
r	1238	132	10	10	0	0	45s	100	1	7108
r	1237	96	10	10	0	0	45s	100	1	7108
r	1232	91	10	10	0	0	45s	100	1	7108
r	1233	118	10	10	0	0	45s	100	1	7108
r	1222	83	10	10	0	0	45s	100	1	7108
r	1223	81	10	10	0	0	45s	100	1	7108
r	1187	72	10	10	0	0	45s	100	1	7108
r	1182	71	10	10	0	0	45s	100	1	7108
r	1183	86	10	10	0	0	45s	100	1	7108
r	1216	72	10	10	0	0	45s	100	1	7108
r	1225	69	10	10	0	0	45s	100	1	7108
r	1240	77	10	10	0	0	45s	100	1	7108
r	1248	101	10	10	0	0	45s	100	1	7108
r	1243	110	10	10	0	0	45s	100	1	7108
r	1221	117	10	10	0	0	45s	100	1	7108
r	1210	112	10	10	0	0	45s	100	1	7108
r	1201	112	10	10	0	0	45s	100	1	7108
r	1198	112	10	10	0	0	45s	100	1	7108
r	1231	125	10	10	0	0	45s	100	1	7108
r	1239	125	10	10	0	0	45s	100	1	7108
r	1244	130	10	10	0	0	45s	100	1	7108
r	1206	129	10	10	0	0	45s	100	1	7108
r	1205	129	10	10	0	0	45s	100	1	7108
r	1224	97	10	10	0	0	45s	100	1	7108
r	1213	111	10	10	0	0	45s	100	1	7108
r	1227	115	10	10	0	0	45s	100	1	7108
r	1218	129	10	10	0	0	45s	100	1	7108
r	1216	146	10	10	0	0	45s	100	1	7108
r	1217	161	10	10	0	0	45s	100	1	7108
r	1220	173	10	10	0	0	45s	100	1	7108
r	1222	175	10	10	0	0	45s	100	1	7108
r	1209	160	10	10	0	0	45s	100	1	7108
r	1218	160	10	10	0	0	45s	100	1	7108
r	1216	190	10	10	0	0	45s	100	1	7108
r	1213	200	10	10	0	0	45s	100	1	7108
r	1215	220	10	10	0	0	45s	100	1	7108
r	1217	225	10	10	0	0	45s	100	1	7108
r	1215	233	10	10	0	0	45s	100	1	7108
r	1205	240	10	10	0	0	45s	100	1	7108
r	1197	244	10	10	0	0	45s	100	1	7108
r	1188	245	10	10	0	0	45s	100	1	7108
r	1180	245	10	10	0	0	45s	100	1	7108
r	1177	245	10	10	0	0	45s	100	1	7108
r	1166	245	10	10	0	0	45s	100	1	7108
r	1153	245	10	10	0	0	45s	100	1	7108
r	1141	247	10	10	0	0	45s	100	1	7108
r	1131	248	10	10	0	0	45s	100	1	7108
r	1126	248	10	10	0	0	45s	100	1	7108
r	1112	248	10	10	0	0	45s	100	1	7108
r	1107	247	10	10	0	0	45s	100	1	7108
r	1093	246	10	10	0	0	45s	100	1	7108
r	1078	246	10	10	0	0	45s	100	1	7108
r	1067	245	10	10	0	0	45s	100	1	7108
r	1058	243	10	10	0	0	45s	100	1	7108
r	1048	243	10	10	0	0	45s	100	1	7108
r	1034	243	10	10	0	0	45s	100	1	7108
r	1019	243	10	10	0	0	45s	100	1	7108
r	1020	233	10	10	0	0	45s	100	1	7108
r	1017	216	10	10	0	0	45s	100	1	7108
r	1017	215	10	10	0	0	45s	100	1	7108
r	999	213	10	10	0	0	45s	100	1	7108
r	987	213	10	10	0	0	45s	100	1	7108
r	977	213	10	10	0	0	45s	100	1	7108
r	968	217	10	10	0	0	45s	100	1	7108
r	963	222	10	10	0	0	45s	100	1	7108
r	957	232	10	10	0	0	45s	100	1	7108
r	957	241	10	10	0	0	45s	100	1	7108
r	957	259	10	10	0	0	45s	100	1	7108
r	958	266	10	10	0	0	45s	100	1	7108
r	960	268	10	10	0	0	45s	100	1	7108
r	972	275	10	10	0	0	45s	100	1	7108
r	988	276	10	10	0	0	45s	100	1	7108
r	1011	276	10	10	0	0	45s	100	1	7108
r	1017	276	10	10	0	0	45s	100	1	7108
r	1030	261	10	10	0	0	45s	100	1	7108
r	1030	240	10	10	0	0	45s	100	1	7108
r	1015	214	10	10	0	0	45s	100	1	7108
r	987	222	10	10	0	0	45s	100	1	7108
r	978	229	10	10	0	0	45s	100	1	7108
r	973	246	10	10	0	0	45s	100	1	7108
r	973	255	10	10	0	0	45s	100	1	7108
r	979	257	10	10	0	0	45s	100	1	7108
r	993	261	10	10	0	0	45s	100	1	7108
r	1011	261	10	10	0	0	45s	100	1	7108
r	1023	241	10	10	0	0	45s	100	1	7108
r	1005	221	10	10	0	0	45s	100	1	7108
r	990	226	10	10	0	0	45s	100	1	7108
r	990	241	10	10	0	0	45s	100	1	7108
r	997	253	10	10	0	0	45s	100	1	7108
r	1013	233	10	10	0	0	45s	100	1	7108
r	998	230	10	10	0	0	45s	100	1	7108
r	995	245	10	10	0	0	45s	100	1	7108
r	1007	255	10	10	0	0	45s	100	1	7108
r	1024	238	10	10	0	0	45s	100	1	7108
r	1010	216	10	10	0	0	45s	100	1	7108
r	978	214	10	10	0	0	45s	100	1	7108
r	978	267	10	10	0	0	45s	100	1	7108
r	1013	265	10	10	0	0	45s	100	1	7108
r	1009	222	10	10	0	0	45s	100	1	7108
r	973	255	10	10	0	0	45s	100	1	7108
r	990	256	10	10	0	0	45s	100	1	7108
r	1008	248	10	10	0	0	45s	100	1	7108
r	1011	229	10	10	0	0	45s	100	1	7108
r	996	219	10	10	0	0	45s	100	1	7108
r	977	224	10	10	0	0	45s	100	1	7108
r	991	261	10	10	0	0	45s	100	1	7108
r	1005	255	10	10	0	0	45s	100	1	7108
r	1000	230	10	10	0	0	45s	100	1	7108
r	1003	242	10	10	0	0	45s	100	1	7108
r	1010	251	10	10	0	0	45s	100	1	7108
r	1014	267	10	10	0	0	45s	100	1	7108
r	837	361	10	10	0	0	45s	100	1	7108
r	864	361	10	10	0	0	45s	100	1	7108
r	877	361	10	10	0	0	45s	100	1	7108
r	891	362	10	10	0	0	45s	100	1	7108
r	909	362	10	10	0	0	45s	100	1	7108
r	928	361	10	10	0	0	45s	100	1	7108
r	947	361	10	10	0	0	45s	100	1	7108
r	969	360	10	10	0	0	45s	100	1	7108
r	990	359	10	10	0	0	45s	100	1	7108
r	995	359	10	10	0	0	45s	100	1	7108
r	973	352	10	10	0	0	45s	100	1	7108
r	960	351	10	10	0	0	45s	100	1	7108
r	927	351	10	10	0	0	45s	100	1	7108
r	912	354	10	10	0	0	45s	100	1	7108
r	894	354	10	10	0	0	45s	100	1	7108
r	885	354	10	10	0	0	45s	100	1	7108
r	964	356	10	10	0	0	45s	100	1	7108
r	994	360	10	10	0	0	45s	100	1	7108
r	1006	359	10	10	0	0	45s	100	1	7108
r	1010	356	10	10	0	0	45s	100	1	7108
r	1014	339	10	10	0	0	45s	100	1	7108
r	1018	334	10	10	0	0	45s	100	1	7108
r	1029	331	10	10	0	0	45s	100	1	7108
r	1043	331	10	10	0	0	45s	100	1	7108
r	1055	330	10	10	0	0	45s	100	1	7108
r	1064	330	10	10	0	0	45s	100	1	7108
r	1078	338	10	10	0	0	45s	100	1	7108
r	1086	353	10	10	0	0	45s	100	1	7108
r	1086	368	10	10	0	0	45s	100	1	7108
r	1084	377	10	10	0	0	45s	100	1	7108
r	1062	387	10	10	0	0	45s	100	1	7108
r	1044	392	10	10	0	0	45s	100	1	7108
r	1029	389	10	10	0	0	45s	100	1	7108
r	1023	381	10	10	0	0	45s	100	1	7108
r	1021	369	10	10	0	0	45s	100	1	7108
r	1022	352	10	10	0	0	45s	100	1	7108
r	1030	339	10	10	0	0	45s	100	1	7108
r	1042	333	10	10	0	0	45s	100	1	7108
r	1065	337	10	10	0	0	45s	100	1	7108
r	1074	344	10	10	0	0	45s	100	1	7108
r	1070	360	10	10	0	0	45s	100	1	7108
r	1056	366	10	10	0	0	45s	100	1	7108
r	1042	369	10	10	0	0	45s	100	1	7108
r	1035	369	10	10	0	0	45s	100	1	7108
r	1028	346	10	10	0	0	45s	100	1	7108
r	1056	346	10	10	0	0	45s	100	1	7108
r	1055	363	10	10	0	0	45s	100	1	7108
r	1034	373	10	10	0	0	45s	100	1	7108
r	1024	383	10	10	0	0	45s	100	1	7108
r	1020	390	10	10	0	0	45s	100	1	7108
r	1045	390	10	10	0	0	45s	100	1	7108
r	1060	387	10	10	0	0	45s	100	1	7108
r	1078	387	10	10	0	0	45s	100	1	7108
r	1085	387	10	10	0	0	45s	100	1	7108
r	1089	378	10	10	0	0	45s	100	1	7108
r	1077	327	10	10	0	0	45s	100	1	7108
r	1053	324	10	10	0	0	45s	100	1	7108
r	1046	352	10	10	0	0	45s	100	1	7108
r	1053	359	10	10	0	0	45s	100	1	7108
r	1073	362	10	10	0	0	45s	100	1	7108
r	1044	393	10	10	0	0	45s	100	1	7108
r	1053	410	10	10	0	0	45s	100	1	7108
r	1052	436	10	10	0	0	45s	100	1	7108
r	1052	451	10	10	0	0	45s	100	1	7108
r	1264	105	10	10	0	0	45s	100	1	7108
r	1283	105	10	10	0	0	45s	100	1	7108
r	1303	105	10	10	0	0	45s	100	1	7108
r	1319	105	10	10	0	0	45s	100	1	7108
r	1347	105	10	10	0	0	45s	100	1	7108
r	1358	103	10	10	0	0	45s	100	1	7108
r	1378	103	10	10	0	0	45s	100	1	7108
r	1390	103	10	10	0	0	45s	100	1	7108
r	1390	103	10	10	0	0	45s	100	1	7108
r	1321	96	10	10	0	0	45s	100	1	7108
r	1318	97	10	10	0	0	45s	100	1	7108
r	1344	107	10	10	0	0	45s	100	1	7108
r	1385	104	10	10	0	0	45s	100	1	7108
r	1338	109	10	10	0	0	45s	100	1	7108
r	1329	110	10	10	0	0	45s	100	1	7108
r	1338	107	10	10	0	0	45s	100	1	7108
r	1393	98	10	10	0	0	45s	100	1	7108
r	1411	99	10	10	0	0	45s	100	1	7108
r	1416	100	10	10	0	0	45s	100	1	7108
r	1444	102	10	10	0	0	45s	100	1	7108
r	1457	101	10	10	0	0	45s	100	1	7108
r	1458	90	10	10	0	0	45s	100	1	7108
r	1456	80	10	10	0	0	45s	100	1	7108
r	1462	77	10	10	0	0	45s	100	1	7108
r	1480	77	10	10	0	0	45s	100	1	7108
r	1494	79	10	10	0	0	45s	100	1	7108
r	1506	92	10	10	0	0	45s	100	1	7108
r	1505	106	10	10	0	0	45s	100	1	7108
r	1502	108	10	10	0	0	45s	100	1	7108
r	1480	91	10	10	0	0	45s	100	1	7108
r	1471	96	10	10	0	0	45s	100	1	7108
r	1464	116	10	10	0	0	45s	100	1	7108
r	1496	114	10	10	0	0	45s	100	1	7108
r	1486	108	10	10	0	0	45s	100	1	7108
r	1471	112	10	10	0	0	45s	100	1	7108
r	1470	122	10	10	0	0	45s	100	1	7108
r	1467	130	10	10	0	0	45s	100	1	7108
r	1509	124	10	10	0	0	45s	100	1	7108
r	1498	116	10	10	0	0	45s	100	1	7108
r	1481	115	10	10	0	0	45s	100	1	7108
r	1471	122	10	10	0	0	45s	100	1	7108
r	1470	133	10	10	0	0	45s	100	1	7108
r	1453	138	10	10	0	0	45s	100	1	7108
r	1486	137	10	10	0	0	45s	100	1	7108
r	1508	143	10	10	0	0	45s	100	1	7108
r	1512	142	10	10	0	0	45s	100	1	7108
r	1477	138	10	10	0	0	45s	100	1	7108
r	1472	157	10	10	0	0	45s	100	1	7108
r	1487	175	10	10	0	0	45s	100	1	7108
r	1484	186	10	10	0	0	45s	100	1	7108
r	1487	211	10	10	0	0	45s	100	1	7108
r	1491	230	10	10	0	0	45s	100	1	7108
r	1479	234	10	10	0	0	45s	100	1	7108
r	1479	207	10	10	0	0	45s	100	1	7108
r	1478	188	10	10	0	0	45s	100	1	7108
r	1472	221	10	10	0	0	45s	100	1	7108
r	1462	231	10	10	0	0	45s	100	1	7108
r	1451	238	10	10	0	0	45s	100	1	7108
r	1435	238	10	10	0	0	45s	100	1	7108
r	1416	239	10	10	0	0	45s	100	1	7108
r	1409	240	10	10	0	0	45s	100	1	7108
r	1389	240	10	10	0	0	45s	100	1	7108
r	1377	240	10	10	0	0	45s	100	1	7108
r	1368	240	10	10	0	0	45s	100	1	7108
r	1355	240	10	10	0	0	45s	100	1	7108
r	1343	241	10	10	0	0	45s	100	1	7108
r	1349	227	10	10	0	0	45s	100	1	7108
r	1345	222	10	10	0	0	45s	100	1	7108
r	1341	218	10	10	0	0	45s	100	1	7108
r	1324	213	10	10	0	0	45s	100	1	7108
r	1319	213	10	10	0	0	45s	100	1	7108
r	1306	213	10	10	0	0	45s	100	1	7108
r	1302	213	10	10	0	0	45s	100	1	7108
r	1298	213	10	10	0	0	45s	100	1	7108
r	1287	213	10	10	0	0	45s	100	1	7108
r	1285	214	10	10	0	0	45s	100	1	7108
r	1278	222	10	10	0	0	45s	100	1	7108
r	1278	226	10	10	0	0	45s	100	1	7108
r	1281	231	10	10	0	0	45s	100	1	7108
r	1283	239	10	10	0	0	45s	100	1	7108
r	1283	244	10	10	0	0	45s	100	1	7108
r	1282	254	10	10	0	0	45s	100	1	7108
r	1280	264	10	10	0	0	45s	100	1	7108
r	1280	268	10	10	0	0	45s	100	1	7108
r	1281	271	10	10	0	0	45s	100	1	7108
r	1288	272	10	10	0	0	45s	100	1	7108
r	1294	273	10	10	0	0	45s	100	1	7108
r	1305	275	10	10	0	0	45s	100	1	7108
r	1316	274	10	10	0	0	45s	100	1	7108
r	1328	274	10	10	0	0	45s	100	1	7108
r	1338	273	10	10	0	0	45s	100	1	7108
r	1348	272	10	10	0	0	45s	100	1	7108
r	1350	262	10	10	0	0	45s	100	1	7108
r	1350	261	10	10	0	0	45s	100	1	7108
r	1331	257	10	10	0	0	45s	100	1	7108
r	1329	258	10	10	0	0	45s	100	1	7108
r	1322	259	10	10	0	0	45s	100	1	7108
r	1305	260	10	10	0	0	45s	100	1	7108
r	1303	260	10	10	0	0	45s	100	1	7108
r	1294	260	10	10	0	0	45s	100	1	7108
r	1290	248	10	10	0	0	45s	100	1	7108
r	1290	244	10	10	0	0	45s	100	1	7108
r	1290	234	10	10	0	0	45s	100	1	7108
r	1292	228	10	10	0	0	45s	100	1	7108
r	1297	222	10	10	0	0	45s	100	1	7108
r	1304	222	10	10	0	0	45s	100	1	7108
r	1325	222	10	10	0	0	45s	100	1	7108
r	1332	224	10	10	0	0	45s	100	1	7108
r	1338	231	10	10	0	0	45s	100	1	7108
r	1328	239	10	10	0	0	45s	100	1	7108
r	1316	241	10	10	0	0	45s	100	1	7108
r	1305	239	10	10	0	0	45s	100	1	7108
r	1303	235	10	10	0	0	45s	100	1	7108
r	1322	232	10	10	0	0	45s	100	1	7108
r	1326	224	10	10	0	0	45s	100	1	7108
r	1332	210	10	10	0	0	45s	100	1	7108
r	1345	205	10	10	0	0	45s	100	1	7108
r	1321	205	10	10	0	0	45s	100	1	7108
r	1315	205	10	10	0	0	45s	100	1	7108
r	1302	204	10	10	0	0	45s	100	1	7108
r	1292	205	10	10	0	0	45s	100	1	7108
r	1288	205	10	10	0	0	45s	100	1	7108
r	1331	224	10	10	0	0	45s	100	1	7108
r	1330	249	10	10	0	0	45s	100	1	7108
r	1322	293	10	10	0	0	45s	100	1	7108
r	1318	300	10	10	0	0	45s	100	1	7108
r	1318	307	10	10	0	0	45s	100	1	7108
r	1319	319	10	10	0	0	45s	100	1	7108
r	1318	332	10	10	0	0	45s	100	1	7108
r	1318	341	10	10	0	0	45s	100	1	7108
r	1316	350	10	10	0	0	45s	100	1	7108
r	1315	352	10	10	0	0	45s	100	1	7108
r	1315	356	10	10	0	0	45s	100	1	7108
r	1315	369	10	10	0	0	45s	100	1	7108
r	1315	384	10	10	0	0	45s	100	1	7108
r	1316	391	10	10	0	0	45s	100	1	7108
r	1318	399	10	10	0	0	45s	100	1	7108
r	1319	414	10	10	0	0	45s	100	1	7108
r	1317	426	10	10	0	0	45s	100	1	7108
r	1317	433	10	10	0	0	45s	100	1	7108
r	1317	440	10	10	0	0	45s	100	1	7108
r	1320	451	10	10	0	0	45s	100	1	7108
r	1320	465	10	10	0	0	45s	100	1	7108
r	1315	486	10	10	0	0	45s	100	1	7108
r	1313	501	10	10	0	0	45s	100	1	7108
r	1316	513	10	10	0	0	45s	100	1	7108
r	1321	518	10	10	0	0	45s	100	1	7108
r	1334	518	10	10	0	0	45s	100	1	7108
r	1342	518	10	10	0	0	45s	100	1	7108
r	1357	520	10	10	0	0	45s	100	1	7108
r	1369	522	10	10	0	0	45s	100	1	7108
r	1376	524	10	10	0	0	45s	100	1	7108
r	1389	527	10	10	0	0	45s	100	1	7108
r	1400	528	10	10	0	0	45s	100	1	7108
r	1431	528	10	10	0	0	45s	100	1	7108
r	1444	528	10	10	0	0	45s	100	1	7108
r	1460	527	10	10	0	0	45s	100	1	7108
r	1457	241	10	10	0	0	45s	100	1	7108
r	1466	241	10	10	0	0	45s	100	1	7108
r	1480	241	10	10	0	0	45s	100	1	7108
r	1481	243	10	10	0	0	45s	100	1	7108
r	1474	260	10	10	0	0	45s	100	1	7108
r	1482	272	10	10	0	0	45s	100	1	7108
r	1503	264	10	10	0	0	45s	100	1	7108
r	1485	282	10	10	0	0	45s	100	1	7108
r	1484	287	10	10	0	0	45s	100	1	7108
r	1472	300	10	10	0	0	45s	100	1	7108
r	1470	290	10	10	0	0	45s	100	1	7108
r	1473	287	10	10	0	0	45s	100	1	7108
r	1481	321	10	10	0	0	45s	100	1	7108
r	1476	325	10	10	0	0	45s	100	1	7108
r	1473	328	10	10	0	0	45s	100	1	7108
r	1481	330	10	10	0	0	45s	100	1	7108
r	1486	356	10	10	0	0	45s	100	1	7108
r	1479	364	10	10	0	0	45s	100	1	7108
r	1476	367	10	10	0	0	45s	100	1	7108
r	1468	344	10	10	0	0	45s	100	1	7108
r	1467	337	10	10	0	0	45s	100	1	7108
r	1480	348	10	10	0	0	45s	100	1	7108
r	1475	364	10	10	0	0	45s	100	1	7108
r	1473	382	10	10	0	0	45s	100	1	7108
r	1478	392	10	10	0	0	45s	100	1	7108
r	1482	395	10	10	0	0	45s	100	1	7108
r	1480	397	10	10	0	0	45s	100	1	7108
r	1482	367	10	10	0	0	45s	100	1	7108
r	1471	393	10	10	0	0	45s	100	1	7108
r	1476	410	10	10	0	0	45s	100	1	7108
r	1479	420	10	10	0	0	45s	100	1	7108
r	1480	435	10	10	0	0	45s	100	1	7108
r	1480	444	10	10	0	0	45s	100	1	7108
r	1483	450	10	10	0	0	45s	100	1	7108
r	1487	457	10	10	0	0	45s	100	1	7108
r	1477	466	10	10	0	0	45s	100	1	7108
r	1478	479	10	10	0	0	45s	100	1	7108
r	1479	488	10	10	0	0	45s	100	1	7108
r	1456	521	10	10	0	0	45s	100	1	7108
r	1453	513	10	10	0	0	45s	100	1	7108
r	1456	492	10	10	0	0	45s	100	1	7108
r	1466	491	10	10	0	0	45s	100	1	7108
r	1476	491	10	10	0	0	45s	100	1	7108
r	1490	491	10	10	0	0	45s	100	1	7108
r	1503	493	10	10	0	0	45s	100	1	7108
r	1509	495	10	10	0	0	45s	100	1	7108
r	1511	506	10	10	0	0	45s	100	1	7108
r	1509	525	10	10	0	0	45s	100	1	7108
r	1509	541	10	10	0	0	45s	100	1	7108
r	1509	547	10	10	0	0	45s	100	1	7108
r	1507	558	10	10	0	0	45s	100	1	7108
r	1471	556	10	10	0	0	45s	100	1	7108
r	1466	556	10	10	0	0	45s	100	1	7108
r	1457	556	10	10	0	0	45s	100	1	7108
r	1447	555	10	10	0	0	45s	100	1	7108
r	1444	550	10	10	0	0	45s	100	1	7108
r	1445	534	10	10	0	0	45s	100	1	7108
r	1445	517	10	10	0	0	45s	100	1	7108
r	1444	503	10	10	0	0	45s	100	1	7108
r	1445	495	10	10	0	0	45s	100	1	7108
r	1448	487	10	10	0	0	45s	100	1	7108
r	1453	506	10	10	0	0	45s	100	1	7108
r	1450	524	10	10	0	0	45s	100	1	7108
r	1456	541	10	10	0	0	45s	100	1	7108
r	1461	543	10	10	0	0	45s	100	1	7108
r	1463	542	10	10	0	0	45s	100	1	7108
r	1465	530	10	10	0	0	45s	100	1	7108
r	1465	513	10	10	0	0	45s	100	1	7108
r	1467	505	10	10	0	0	45s	100	1	7108
r	1472	505	10	10	0	0	45s	100	1	7108
r	1475	515	10	10	0	0	45s	100	1	7108
r	1474	525	10	10	0	0	45s	100	1	7108
r	1474	537	10	10	0	0	45s	100	1	7108
r	1481	544	10	10	0	0	45s	100	1	7108
r	1485	543	10	10	0	0	45s	100	1	7108
r	1485	533	10	10	0	0	45s	100	1	7108
r	1483	519	10	10	0	0	45s	100	1	7108
r	1482	513	10	10	0	0	45s	100	1	7108
r	1482	505	10	10	0	0	45s	100	1	7108
r	1488	503	10	10	0	0	45s	100	1	7108
r	1495	506	10	10	0	0	45s	100	1	7108
r	1495	517	10	10	0	0	45s	100	1	7108
r	1494	528	10	10	0	0	45s	100	1	7108
r	1496	538	10	10	0	0	45s	100	1	7108
r	1505	534	10	10	0	0	45s	100	1	7108
r	1502	515	10	10	0	0	45s	100	1	7108
r	1502	510	10	10	0	0	45s	100	1	7108
r	1505	517	10	10	0	0	45s	100	1	7108
r	1507	531	10	10	0	0	45s	100	1	7108
r	1075	358	10	10	0	0	45s	100	1	7108
r	1097	360	10	10	0	0	45s	100	1	7108
r	1107	360	10	10	0	0	45s	100	1	7108
r	1116	360	10	10	0	0	45s	100	1	7108
r	1132	358	10	10	0	0	45s	100	1	7108
r	1147	358	10	10	0	0	45s	100	1	7108
r	1160	358	10	10	0	0	45s	100	1	7108
r	1178	361	10	10	0	0	45s	100	1	7108
r	1200	361	10	10	0	0	45s	100	1	7108
r	1209	361	10	10	0	0	45s	100	1	7108
r	1217	361	10	10	0	0	45s	100	1	7108
r	1225	361	10	10	0	0	45s	100	1	7108
r	1209	354	10	10	0	0	45s	100	1	7108
r	1188	355	10	10	0	0	45s	100	1	7108
r	1214	382	10	10	0	0	45s	100	1	7108
r	1218	396	10	10	0	0	45s	100	1	7108
r	1220	408	10	10	0	0	45s	100	1	7108
r	1217	418	10	10	0	0	45s	100	1	7108
r	1213	420	10	10	0	0	45s	100	1	7108
r	1211	424	10	10	0	0	45s	100	1	7108
r	1211	433	10	10	0	0	45s	100	1	7108
r	1211	440	10	10	0	0	45s	100	1	7108
r	1211	448	10	10	0	0	45s	100	1	7108
r	1215	458	10	10	0	0	45s	100	1	7108
r	1215	462	10	10	0	0	45s	100	1	7108
r	1214	472	10	10	0	0	45s	100	1	7108
r	1214	480	10	10	0	0	45s	100	1	7108
r	1215	490	10	10	0	0	45s	100	1	7108
r	1216	497	10	10	0	0	45s	100	1	7108
r	1218	508	10	10	0	0	45s	100	1	7108
r	1218	517	10	10	0	0	45s	100	1	7108
r	1218	527	10	10	0	0	45s	100	1	7108
r	1218	536	10	10	0	0	45s	100	1	7108
r	1216	545	10	10	0	0	45s	100	1	7108
r	1216	555	10	10	0	0	45s	100	1	7108
r	1216	565	10	10	0	0	45s	100	1	7108
r	1218	577	10	10	0	0	45s	100	1	7108
r	1218	586	10	10	0	0	45s	100	1	7108
r	1218	596	10	10	0	0	45s	100	1	7108
r	1218	602	10	10	0	0	45s	100	1	7108
r	1218	609	10	10	0	0	45s	100	1	7108
r	1218	621	10	10	0	0	45s	100	1	7108
r	1220	636	10	10	0	0	45s	100	1	7108
r	1218	641	10	10	0	0	45s	100	1	7108
r	1210	638	10	10	0	0	45s	100	1	7108
r	1200	638	10	10	0	0	45s	100	1	7108
r	1196	638	10	10	0	0	45s	100	1	7108
r	1194	638	10	10	0	0	45s	100	1	7108
r	1189	638	10	10	0	0	45s	100	1	7108
r	1181	637	10	10	0	0	45s	100	1	7108
r	1183	656	10	10	0	0	45s	100	1	7108
r	1183	659	10	10	0	0	45s	100	1	7108
r	1183	663	10	10	0	0	45s	100	1	7108
r	1184	677	10	10	0	0	45s	100	1	7108
r	1184	683	10	10	0	0	45s	100	1	7108
r	1183	691	10	10	0	0	45s	100	1	7108
r	1183	696	10	10	0	0	45s	100	1	7108
r	1199	698	10	10	0	0	45s	100	1	7108
r	1215	702	10	10	0	0	45s	100	1	7108
r	1226	702	10	10	0	0	45s	100	1	7108
r	1236	702	10	10	0	0	45s	100	1	7108
r	1242	701	10	10	0	0	45s	100	1	7108
r	1253	680	10	10	0	0	45s	100	1	7108
r	1253	675	10	10	0	0	45s	100	1	7108
r	1253	670	10	10	0	0	45s	100	1	7108
r	1251	659	10	10	0	0	45s	100	1	7108
r	1245	640	10	10	0	0	45s	100	1	7108
r	1224	640	10	10	0	0	45s	100	1	7108
r	1212	647	10	10	0	0	45s	100	1	7108
r	1204	653	10	10	0	0	45s	100	1	7108
r	1202	664	10	10	0	0	45s	100	1	7108
r	1202	673	10	10	0	0	45s	100	1	7108
r	1202	688	10	10	0	0	45s	100	1	7108
r	1205	691	10	10	0	0	45s	100	1	7108
r	1217	681	10	10	0	0	45s	100	1	7108
r	1221	669	10	10	0	0	45s	100	1	7108
r	1221	660	10	10	0	0	45s	100	1	7108
r	1235	644	10	10	0	0	45s	100	1	7108
r	1231	670	10	10	0	0	45s	100	1	7108
r	1230	677	10	10	0	0	45s	100	1	7108
r	1227	684	10	10	0	0	45s	100	1	7108
r	1234	680	10	10	0	0	45s	100	1	7108
r	1242	656	10	10	0	0	45s	100	1	7108
r	1230	656	10	10	0	0	45s	100	1	7108
r	1223	664	10	10	0	0	45s	100	1	7108
r	1188	663	10	10	0	0	45s	100	1	7108
r	1206	667	10	10	0	0	45s	100	1	7108
r	1224	671	10	10	0	0	45s	100	1	7108
r	1231	673	10	10	0	0	45s	100	1	7108
r	1231	677	10	10	0	0	45s	100	1	7108
r	1212	719	10	10	0	0	45s	100	1	7108
r	1217	728	10	10	0	0	45s	100	1	7108
r	1219	732	10	10	0	0	45s	100	1	7108
r	1212	740	10	10	0	0	45s	100	1	7108
r	1209	749	10	10	0	0	45s	100	1	7108
r	1218	761	10	10	0	0	45s	100	1	7108
r	1210	772	10	10	0	0	45s	100	1	7108
r	1204	781	10	10	0	0	45s	100	1	7108
r	1217	790	10	10	0	0	45s	100	1	7108
r	1217	795	10	10	0	0	45s	100	1	7108
r	1216	808	10	10	0	0	45s	100	1	7108
r	1220	820	10	10	0	0	45s	100	1	7108
r	1223	826	10	10	0	0	45s	100	1	7108
r	1210	832	10	10	0	0	45s	100	1	7108
r	1217	846	10	10	0	0	45s	100	1	7108
r	1222	857	10	10	0	0	45s	100	1	7108
r	1217	861	10	10	0	0	45s	100	1	7108
r	1210	863	10	10	0	0	45s	100	1	7108
r	1216	875	10	10	0	0	45s	100	1	7108
r	1216	880	10	10	0	0	45s	100	1	7108
r	1215	904	10	10	0	0	45s	100	1	7108
r	1218	912	10	10	0	0	45s	100	1	7108
r	1216	915	10	10	0	0	45s	100	1	7108
r	1214	924	10	10	0	0	45s	100	1	7108
r	1219	943	10	10	0	0	45s	100	1	7108
r	1218	951	10	10	0	0	45s	100	1	7108
r	1215	963	10	10	0	0	45s	100	1	7108
r	1216	981	10	10	0	0	45s	100	1	7108
r	1218	987	10	10	0	0	45s	100	1	7108
r	1218	994	10	10	0	0	45s	100	1	7108
r	1231	997	10	10	0	0	45s	100	1	7108
r	1237	997	10	10	0	0	45s	100	1	7108
r	1242	994	10	10	0	0	45s	100	1	7108
r	1250	990	10	10	0	0	45s	100	1	7108
r	1252	984	10	10	0	0	45s	100	1	7108
r	1249	971	10	10	0	0	45s	100	1	7108
r	1248	964	10	10	0	0	45s	100	1	7108
r	1248	949	10	10	0	0	45s	100	1	7108
r	1248	936	10	10	0	0	45s	100	1	7108
r	1245	934	10	10	0	0	45s	100	1	7108
r	1215	933	10	10	0	0	45s	100	1	7108
r	1205	932	10	10	0	0	45s	100	1	7108
r	1196	932	10	10	0	0	45s	100	1	7108
r	1189	932	10	10	0	0	45s	100	1	7108
r	1183	934	10	10	0	0	45s	100	1	7108
r	1183	943	10	10	0	0	45s	100	1	7108
r	1183	953	10	10	0	0	45s	100	1	7108
r	1183	960	10	10	0	0	45s	100	1	7108
r	1183	976	10	10	0	0	45s	100	1	7108
r	1183	986	10	10	0	0	45s	100	1	7108
r	1183	990	10	10	0	0	45s	100	1	7108
r	1186	995	10	10	0	0	45s	100	1	7108
r	1193	995	10	10	0	0	45s	100	1	7108
r	1198	992	10	10	0	0	45s	100	1	7108
r	1196	980	10	10	0	0	45s	100	1	7108
r	1194	966	10	10	0	0	45s	100	1	7108
r	1194	958	10	10	0	0	45s	100	1	7108
r	1196	941	10	10	0	0	45s	100	1	7108
r	1200	941	10	10	0	0	45s	100	1	7108
r	1206	963	10	10	0	0	45s	100	1	7108
r	1208	983	10	10	0	0	45s	100	1	7108
r	1228	994	10	10	0	0	45s	100	1	7108
r	1231	987	10	10	0	0	45s	100	1	7108
r	1229	972	10	10	0	0	45s	100	1	7108
r	1229	956	10	10	0	0	45s	100	1	7108
r	1229	950	10	10	0	0	45s	100	1	7108
r	1229	941	10	10	0	0	45s	100	1	7108
r	1267	959	10	10	0	0	45s	100	1	7108
r	1272	958	10	10	0	0	45s	100	1	7108
r	1286	957	10	10	0	0	45s	100	1	7108
r	1313	958	10	10	0	0	45s	100	1	7108
r	1320	958	10	10	0	0	45s	100	1	7108
r	1333	958	10	10	0	0	45s	100	1	7108
r	1351	958	10	10	0	0	45s	100	1	7108
r	1374	960	10	10	0	0	45s	100	1	7108
r	1388	960	10	10	0	0	45s	100	1	7108
r	1404	961	10	10	0	0	45s	100	1	7108
r	1413	962	10	10	0	0	45s	100	1	7108
r	1415	965	10	10	0	0	45s	100	1	7108
r	1400	971	10	10	0	0	45s	100	1	7108
r	1386	971	10	10	0	0	45s	100	1	7108
r	1365	973	10	10	0	0	45s	100	1	7108
r	1354	973	10	10	0	0	45s	100	1	7108
r	1339	973	10	10	0	0	45s	100	1	7108
r	1321	972	10	10	0	0	45s	100	1	7108
r	1304	972	10	10	0	0	45s	100	1	7108
r	1286	972	10	10	0	0	45s	100	1	7108
r	1275	971	10	10	0	0	45s	100	1	7108
r	1268	667	10	10	0	0	45s	100	1	7108
r	1284	660	10	10	0	0	45s	100	1	7108
r	1293	660	10	10	0	0	45s	100	1	7108
r	1302	660	10	10	0	0	45s	100	1	7108
r	1311	661	10	10	0	0	45s	100	1	7108
r	1327	665	10	10	0	0	45s	100	1	7108
r	1338	668	10	10	0	0	45s	100	1	7108
r	1343	668	10	10	0	0	45s	100	1	7108
r	1348	670	10	10	0	0	45s	100	1	7108
r	1320	676	10	10	0	0	45s	100	1	7108
r	1299	677	10	10	0	0	45s	100	1	7108
r	1278	678	10	10	0	0	45s	100	1	7108
r	1343	675	10	10	0	0	45s	100	1	7108
r	1345	681	10	10	0	0	45s	100	1	7108
r	1351	688	10	10	0	0	45s	100	1	7108
r	1352	691	10	10	0	0	45s	100	1	7108
r	1338	703	10	10	0	0	45s	100	1	7108
r	1336	709	10	10	0	0	45s	100	1	7108
r	1344	715	10	10	0	0	45s	100	1	7108
r	1345	719	10	10	0	0	45s	100	1	7108
r	1348	736	10	10	0	0	45s	100	1	7108
r	1345	746	10	10	0	0	45s	100	1	7108
r	1349	751	10	10	0	0	45s	100	1	7108
r	1355	730	10	10	0	0	45s	100	1	7108
r	1350	715	10	10	0	0	45s	100	1	7108
r	1352	704	10	10	0	0	45s	100	1	7108
r	1340	742	10	10	0	0	45s	100	1	7108
r	1337	758	10	10	0	0	45s	100	1	7108
r	1343	767	10	10	0	0	45s	100	1	7108
r	1344	775	10	10	0	0	45s	100	1	7108
r	1349	787	10	10	0	0	45s	100	1	7108
r	1349	798	10	10	0	0	45s	100	1	7108
r	1347	812	10	10	0	0	45s	100	1	7108
r	1349	830	10	10	0	0	45s	100	1	7108
r	1349	853	10	10	0	0	45s	100	1	7108
r	1343	830	10	10	0	0	45s	100	1	7108
r	1335	828	10	10	0	0	45s	100	1	7108
r	1328	827	10	10	0	0	45s	100	1	7108
r	1320	828	10	10	0	0	45s	100	1	7108
r	1315	836	10	10	0	0	45s	100	1	7108
r	1315	842	10	10	0	0	45s	100	1	7108
r	1315	857	10	10	0	0	45s	100	1	7108
r	1316	865	10	10	0	0	45s	100	1	7108
r	1318	878	10	10	0	0	45s	100	1	7108
r	1320	886	10	10	0	0	45s	100	1	7108
r	1324	891	10	10	0	0	45s	100	1	7108
r	1337	893	10	10	0	0	45s	100	1	7108
r	1348	895	10	10	0	0	45s	100	1	7108
r	1357	895	10	10	0	0	45s	100	1	7108
r	1367	895	10	10	0	0	45s	100	1	7108
r	1378	894	10	10	0	0	45s	100	1	7108
r	1383	891	10	10	0	0	45s	100	1	7108
r	1384	884	10	10	0	0	45s	100	1	7108
r	1382	873	10	10	0	0	45s	100	1	7108
r	1381	863	10	10	0	0	45s	100	1	7108
r	1381	850	10	10	0	0	45s	100	1	7108
r	1381	838	10	10	0	0	45s	100	1	7108
r	1375	833	10	10	0	0	45s	100	1	7108
r	1364	833	10	10	0	0	45s	100	1	7108
r	1348	837	10	10	0	0	45s	100	1	7108
r	1337	841	10	10	0	0	45s	100	1	7108
r	1330	849	10	10	0	0	45s	100	1	7108
r	1329	860	10	10	0	0	45s	100	1	7108
r	1330	874	10	10	0	0	45s	100	1	7108
r	1337	881	10	10	0	0	45s	100	1	7108
r	1350	882	10	10	0	0	45s	100	1	7108
r	1363	879	10	10	0	0	45s	100	1	7108
r	1371	875	10	10	0	0	45s	100	1	7108
r	1374	859	10	10	0	0	45s	100	1	7108
r	1371	840	10	10	0	0	45s	100	1	7108
r	1360	840	10	10	0	0	45s	100	1	7108
r	1334	846	10	10	0	0	45s	100	1	7108
r	1331	853	10	10	0	0	45s	100	1	7108
r	1339	866	10	10	0	0	45s	100	1	7108
r	1355	867	10	10	0	0	45s	100	1	7108
r	1362	860	10	10	0	0	45s	100	1	7108
r	1364	854	10	10	0	0	45s	100	1	7108
r	1348	859	10	10	0	0	45s	100	1	7108
r	1417	958	10	10	0	0	45s	100	1	7108
r	1427	958	10	10	0	0	45s	100	1	7108
r	1437	957	10	10	0	0	45s	100	1	7108
r	1445	948	10	10	0	0	45s	100	1	7108
r	1445	936	10	10	0	0	45s	100	1	7108
r	1451	931	10	10	0	0	45s	100	1	7108
r	1464	931	10	10	0	0	45s	100	1	7108
r	1483	931	10	10	0	0	45s	100	1	7108
r	1494	931	10	10	0	0	45s	100	1	7108
r	1500	931	10	10	0	0	45s	100	1	7108
r	1506	932	10	10	0	0	45s	100	1	7108
r	1507	939	10	10	0	0	45s	100	1	7108
r	1507	948	10	10	0	0	45s	100	1	7108
r	1507	961	10	10	0	0	45s	100	1	7108
r	1507	971	10	10	0	0	45s	100	1	7108
r	1507	981	10	10	0	0	45s	100	1	7108
r	1508	989	10	10	0	0	45s	100	1	7108
r	1502	994	10	10	0	0	45s	100	1	7108
r	1495	998	10	10	0	0	45s	100	1	7108
r	1487	998	10	10	0	0	45s	100	1	7108
r	1477	997	10	10	0	0	45s	100	1	7108
r	1463	995	10	10	0	0	45s	100	1	7108
r	1456	993	10	10	0	0	45s	100	1	7108
r	1452	988	10	10	0	0	45s	100	1	7108
r	1448	966	10	10	0	0	45s	100	1	7108
r	1457	944	10	10	0	0	45s	100	1	7108
r	1467	938	10	10	0	0	45s	100	1	7108
r	1489	948	10	10	0	0	45s	100	1	7108
r	1489	962	10	10	0	0	45s	100	1	7108
r	1470	973	10	10	0	0	45s	100	1	7108
r	1460	973	10	10	0	0	45s	100	1	7108
r	1452	973	10	10	0	0	45s	100	1	7108
r	1452	962	10	10	0	0	45s	100	1	7108
r	1460	955	10	10	0	0	45s	100	1	7108
r	1481	971	10	10	0	0	45s	100	1	7108
r	1466	980	10	10	0	0	45s	100	1	7108
r	1464	981	10	10	0	0	45s	100	1	7108
r	1469	986	10	10	0	0	45s	100	1	7108
r	1492	987	10	10	0	0	45s	100	1	7108
r	1500	993	10	10	0	0	45s	100	1	7108
r	1517	1000	10	10	0	0	45s	100	1	7108
r	1513	985	10	10	0	0	45s	100	1	7108
r	1513	976	10	10	0	0	45s	100	1	7108
r	1515	957	10	10	0	0	45s	100	1	7108
r	1509	931	10	10	0	0	45s	100	1	7108
r	1473	937	10	10	0	0	45s	100	1	7108
r	1457	948	10	10	0	0	45s	100	1	7108
r	1452	969	10	10	0	0	45s	100	1	7108
r	1446	988	10	10	0	0	45s	100	1	7108
r	1462	993	10	10	0	0	45s	100	1	7108
r	1472	986	10	10	0	0	45s	100	1	7108
r	1482	949	10	10	0	0	45s	100	1	7108
r	1485	908	10	10	0	0	45s	100	1	7108
r	1485	901	10	10	0	0	45s	100	1	7108
r	1480	895	10	10	0	0	45s	100	1	7108
r	1477	884	10	10	0	0	45s	100	1	7108
r	1478	869	10	10	0	0	45s	100	1	7108
r	1475	834	10	10	0	0	45s	100	1	7108
r	1475	828	10	10	0	0	45s	100	1	7108
r	1479	822	10	10	0	0	45s	100	1	7108
r	1482	837	10	10	0	0	45s	100	1	7108
r	1482	849	10	10	0	0	45s	100	1	7108
r	1481	856	10	10	0	0	45s	100	1	7108
r	1479	802	10	10	0	0	45s	100	1	7108
r	1480	795	10	10	0	0	45s	100	1	7108
r	1480	789	10	10	0	0	45s	100	1	7108
r	1480	782	10	10	0	0	45s	100	1	7108
r	1480	766	10	10	0	0	45s	100	1	7108
r	1480	762	10	10	0	0	45s	100	1	7108
r	1480	757	10	10	0	0	45s	100	1	7108
r	1480	732	10	10	0	0	45s	100	1	7108
r	1480	730	10	10	0	0	45s	100	1	7108
r	1480	716	10	10	0	0	45s	100	1	7108
r	1480	707	10	10	0	0	45s	100	1	7108
r	1480	698	10	10	0	0	45s	100	1	7108
r	1481	690	10	10	0	0	45s	100	1	7108
r	1484	681	10	10	0	0	45s	100	1	7108
r	1484	666	10	10	0	0	45s	100	1	7108
r	1480	656	10	10	0	0	45s	100	1	7108
r	1479	649	10	10	0	0	45s	100	1	7108
r	1478	627	10	10	0	0	45s	100	1	7108
r	1478	614	10	10	0	0	45s	100	1	7108
r	1477	597	10	10	0	0	45s	100	1	7108
r	1477	574	10	10	0	0	45s	100	1	7108
r	1477	570	10	10	0	0	45s	100	1	7108
r	1482	569	10	10	0	0	45s	100	1	7108
r	1479	601	10	10	0	0	45s	100	1	7108
r	1477	638	10	10	0	0	45s	100	1	7108
r	1476	662	10	10	0	0	45s	100	1	7108
r	1476	678	10	10	0	0	45s	100	1	7108
r	1476	695	10	10	0	0	45s	100	1	7108
r	1476	737	10	10	0	0	45s	100	1	7108
r	1476	794	10	10	0	0	45s	100	1	7108
r	1341	983	10	10	0	0	45s	100	1	7108
r	1348	996	10	10	0	0	45s	100	1	7108
r	1344	1008	10	10	0	0	45s	100	1	7108
r	1338	1020	10	10	0	0	45s	100	1	7108
r	1344	1025	10	10	0	0	45s	100	1	7108
r	1345	1034	10	10	0	0	45s	100	1	7108
r	1348	1049	10	10	0	0	45s	100	1	7108
r	1341	1064	10	10	0	0	45s	100	1	7108
r	1341	1069	10	10	0	0	45s	100	1	7108
r	1343	1073	10	10	0	0	45s	100	1	7108
r	1346	1077	10	10	0	0	45s	100	1	7108
r	1317	1084	10	10	0	0	45s	100	1	7108
r	1313	1084	10	10	0	0	45s	100	1	7108
r	1296	1083	10	10	0	0	45s	100	1	7108
r	1281	1083	10	10	0	0	45s	100	1	7108
r	1266	1084	10	10	0	0	45s	100	1	7108
r	1248	1086	10	10	0	0	45s	100	1	7108
r	1226	1088	10	10	0	0	45s	100	1	7108
r	1208	1089	10	10	0	0	45s	100	1	7108
r	1197	1089	10	10	0	0	45s	100	1	7108
r	1197	1082	10	10	0	0	45s	100	1	7108
r	1202	1081	10	10	0	0	45s	100	1	7108
r	1213	1081	10	10	0	0	45s	100	1	7108
r	1225	1081	10	10	0	0	45s	100	1	7108
r	1246	1085	10	10	0	0	45s	100	1	7108
r	1266	1088	10	10	0	0	45s	100	1	7108
r	1295	1087	10	10	0	0	45s	100	1	7108
r	1312	1087	10	10	0	0	45s	100	1	7108
r	1322	1088	10	10	0	0	45s	100	1	7108
r	1335	1087	10	10	0	0	45s	100	1	7108
r	1353	1085	10	10	0	0	45s	100	1	7108
r	1355	1084	10	10	0	0	45s	100	1	7108
r	1355	1072	10	10	0	0	45s	100	1	7108
r	1352	1053	10	10	0	0	45s	100	1	7108
r	1351	1040	10	10	0	0	45s	100	1	7108
r	1353	1030	10	10	0	0	45s	100	1	7108
r	1354	1001	10	10	0	0	45s	100	1	7108
r	1353	997	10	10	0	0	45s	100	1	7108
r	1346	1036	10	10	0	0	45s	100	1	7108
r	1486	1013	10	10	0	0	45s	100	1	7108
r	1475	991	10	10	0	0	45s	100	1	7108
r	1478	1003	10	10	0	0	45s	100	1	7108
r	1478	1018	10	10	0	0	45s	100	1	7108
r	1473	1038	10	10	0	0	45s	100	1	7108
r	1473	1041	10	10	0	0	45s	100	1	7108
r	1491	1030	10	10	0	0	45s	100	1	7108
r	1480	1027	10	10	0	0	45s	100	1	7108
r	1478	1040	10	10	0	0	45s	100	1	7108
r	1481	1047	10	10	0	0	45s	100	1	7108
r	1484	1060	10	10	0	0	45s	100	1	7108
r	1472	1069	10	10	0	0	45s	100	1	7108
r	1483	1074	10	10	0	0	45s	100	1	7108
r	1474	1087	10	10	0	0	45s	100	1	7108
r	1472	1089	10	10	0	0	45s	100	1	7108
r	1480	1097	10	10	0	0	45s	100	1	7108
r	1483	1100	10	10	0	0	45s	100	1	7108
r	1480	1108	10	10	0	0	45s	100	1	7108
r	1480	1116	10	10	0	0	45s	100	1	7108
r	1479	1124	10	10	0	0	45s	100	1	7108
r	1474	1130	10	10	0	0	45s	100	1	7108
r	1481	1139	10	10	0	0	45s	100	1	7108
r	1483	1143	10	10	0	0	45s	100	1	7108
r	1483	1158	10	10	0	0	45s	100	1	7108
r	1480	1164	10	10	0	0	45s	100	1	7108
r	1475	1175	10	10	0	0	45s	100	1	7108
r	1478	1185	10	10	0	0	45s	100	1	7108
r	1480	1195	10	10	0	0	45s	100	1	7108
r	1480	1206	10	10	0	0	45s	100	1	7108
r	1482	1230	10	10	0	0	45s	100	1	7108
r	1482	1243	10	10	0	0	45s	100	1	7108
r	1482	1258	10	10	0	0	45s	100	1	7108
r	1482	1267	10	10	0	0	45s	100	1	7108
r	1479	1196	10	10	0	0	45s	100	1	7108
r	1478	1205	10	10	0	0	45s	100	1	7108
r	1474	1220	10	10	0	0	45s	100	1	7108
r	1474	1231	10	10	0	0	45s	100	1	7108
r	1474	1243	10	10	0	0	45s	100	1	7108
r	1474	1265	10	10	0	0	45s	100	1	7108
r	1477	1279	10	10	0	0	45s	100	1	7108
r	1483	1302	10	10	0	0	45s	100	1	7108
r	1485	1309	10	10	0	0	45s	100	1	7108
r	1463	1316	10	10	0	0	45s	100	1	7108
r	1452	1319	10	10	0	0	45s	100	1	7108
r	1450	1322	10	10	0	0	45s	100	1	7108
r	1453	1343	10	10	0	0	45s	100	1	7108
r	1454	1362	10	10	0	0	45s	100	1	7108
r	1457	1371	10	10	0	0	45s	100	1	7108
r	1472	1373	10	10	0	0	45s	100	1	7108
r	1488	1373	10	10	0	0	45s	100	1	7108
r	1510	1375	10	10	0	0	45s	100	1	7108
r	1514	1373	10	10	0	0	45s	100	1	7108
r	1508	1354	10	10	0	0	45s	100	1	7108
r	1508	1344	10	10	0	0	45s	100	1	7108
r	1508	1335	10	10	0	0	45s	100	1	7108
r	1508	1333	10	10	0	0	45s	100	1	7108
r	1499	1331	10	10	0	0	45s	100	1	7108
r	1485	1329	10	10	0	0	45s	100	1	7108
r	1465	1339	10	10	0	0	45s	100	1	7108
r	1467	1346	10	10	0	0	45s	100	1	7108
r	1482	1346	10	10	0	0	45s	100	1	7108
r	1487	1344	10	10	0	0	45s	100	1	7108
r	1482	1353	10	10	0	0	45s	100	1	7108
r	1467	1357	10	10	0	0	45s	100	1	7108
r	1458	1325	10	10	0	0	45s	100	1	7108
r	1473	1322	10	10	0	0	45s	100	1	7108
r	1492	1322	10	10	0	0	45s	100	1	7108
r	1503	1324	10	10	0	0	45s	100	1	7108
r	1510	1328	10	10	0	0	45s	100	1	7108
r	1510	1355	10	10	0	0	45s	100	1	7108
r	1509	1370	10	10	0	0	45s	100	1	7108
r	1492	1379	10	10	0	0	45s	100	1	7108
r	1464	1379	10	10	0	0	45s	100	1	7108
r	1449	1373	10	10	0	0	45s	100	1	7108
r	1449	1354	10	10	0	0	45s	100	1	7108
r	1429	1350	10	10	0	0	45s	100	1	7108
r	1424	1352	10	10	0	0	45s	100	1	7108
r	1404	1352	10	10	0	0	45s	100	1	7108
r	1397	1352	10	10	0	0	45s	100	1	7108
r	1413	1349	10	10	0	0	45s	100	1	7108
r	1376	1352	10	10	0	0	45s	100	1	7108
r	1365	1354	10	10	0	0	45s	100	1	7108
r	1345	1356	10	10	0	0	45s	100	1	7108
r	1336	1356	10	10	0	0	45s	100	1	7108
r	1327	1356	10	10	0	0	45s	100	1	7108
r	1281	1358	10	10	0	0	45s	100	1	7108
r	1279	1358	10	10	0	0	45s	100	1	7108
r	1229	1354	10	10	0	0	45s	100	1	7108
r	1229	1353	10	10	0	0	45s	100	1	7108
r	1248	1348	10	10	0	0	45s	100	1	7108
r	1257	1347	10	10	0	0	45s	100	1	7108
r	1265	1346	10	10	0	0	45s	100	1	7108
r	1273	1345	10	10	0	0	45s	100	1	7108
r	1289	1343	10	10	0	0	45s	100	1	7108
r	1322	1341	10	10	0	0	45s	100	1	7108
r	1351	1341	10	10	0	0	45s	100	1	7108
r	1397	1343	10	10	0	0	45s	100	1	7108
r	1412	1343	10	10	0	0	45s	100	1	7108
r	1417	1343	10	10	0	0	45s	100	1	7108
r	1376	1345	10	10	0	0	45s	100	1	7108
r	1342	1345	10	10	0	0	45s	100	1	7108
r	1297	1346	10	10	0	0	45s	100	1	7108
r	1301	1346	10	10	0	0	45s	100	1	7108
r	1311	1351	10	10	0	0	45s	100	1	7108
r	1235	1348	10	10	0	0	45s	100	1	7108
r	1235	1326	10	10	0	0	45s	100	1	7108
r	1228	1327	10	10	0	0	45s	100	1	7108
r	1218	1325	10	10	0	0	45s	100	1	7108
r	1218	1314	10	10	0	0	45s	100	1	7108
r	1228	1303	10	10	0	0	45s	100	1	7108
r	1232	1298	10	10	0	0	45s	100	1	7108
r	1230	1292	10	10	0	0	45s	100	1	7108
r	1224	1282	10	10	0	0	45s	100	1	7108
r	1226	1274	10	10	0	0	45s	100	1	7108
r	1229	1270	10	10	0	0	45s	100	1	7108
r	1230	1266	10	10	0	0	45s	100	1	7108
r	1230	1264	10	10	0	0	45s	100	1	7108
r	1235	1247	10	10	0	0	45s	100	1	7108
r	1245	1251	10	10	0	0	45s	100	1	7108
r	1242	1263	10	10	0	0	45s	100	1	7108
r	1269	1259	10	10	0	0	45s	100	1	7108
r	1280	1256	10	10	0	0	45s	100	1	7108
r	1298	1257	10	10	0	0	45s	100	1	7108
r	1320	1260	10	10	0	0	45s	100	1	7108
r	1335	1258	10	10	0	0	45s	100	1	7108
r	1356	1256	10	10	0	0	45s	100	1	7108
r	1384	1257	10	10	0	0	45s	100	1	7108
r	1405	1258	10	10	0	0	45s	100	1	7108
r	1413	1258	10	10	0	0	45s	100	1	7108
r	1374	1259	10	10	0	0	45s	100	1	7108
r	1367	1258	10	10	0	0	45s	100	1	7108
r	1334	1260	10	10	0	0	45s	100	1	7108
r	1269	1257	10	10	0	0	45s	100	1	7108
r	1239	1251	10	10	0	0	45s	100	1	7108
r	1216	1239	10	10	0	0	45s	100	1	7108
r	1217	1232	10	10	0	0	45s	100	1	7108
r	1224	1226	10	10	0	0	45s	100	1	7108
r	1228	1221	10	10	0	0	45s	100	1	7108
r	1229	1214	10	10	0	0	45s	100	1	7108
r	1224	1197	10	10	0	0	45s	100	1	7108
r	1224	1192	10	10	0	0	45s	100	1	7108
r	1223	1177	10	10	0	0	45s	100	1	7108
r	1226	1169	10	10	0	0	45s	100	1	7108
r	1242	1167	10	10	0	0	45s	100	1	7108
r	1253	1166	10	10	0	0	45s	100	1	7108
r	1264	1166	10	10	0	0	45s	100	1	7108
r	1269	1166	10	10	0	0	45s	100	1	7108
r	1277	1166	10	10	0	0	45s	100	1	7108
r	1295	1167	10	10	0	0	45s	100	1	7108
r	1301	1167	10	10	0	0	45s	100	1	7108
r	1328	1169	10	10	0	0	45s	100	1	7108
r	1343	1169	10	10	0	0	45s	100	1	7108
r	1366	1169	10	10	0	0	45s	100	1	7108
r	1374	1169	10	10	0	0	45s	100	1	7108
r	1221	1369	10	10	0	0	45s	100	1	7108
r	1221	1372	10	10	0	0	45s	100	1	7108
r	1224	1390	10	10	0	0	45s	100	1	7108
r	1228	1402	10	10	0	0	45s	100	1	7108
r	1228	1415	10	10	0	0	45s	100	1	7108
r	1227	1453	10	10	0	0	45s	100	1	7108
r	1227	1460	10	10	0	0	45s	100	1	7108
r	1229	1469	10	10	0	0	45s	100	1	7108
r	1263	1464	10	10	0	0	45s	100	1	7108
r	1280	1465	10	10	0	0	45s	100	1	7108
r	1292	1467	10	10	0	0	45s	100	1	7108
r	1306	1467	10	10	0	0	45s	100	1	7108
r	1323	1468	10	10	0	0	45s	100	1	7108
r	1347	1469	10	10	0	0	45s	100	1	7108
r	1358	1469	10	10	0	0	45s	100	1	7108
r	1231	1452	10	10	0	0	45s	100	1	7108
r	1224	1430	10	10	0	0	45s	100	1	7108
r	1222	1426	10	10	0	0	45s	100	1	7108
r	1228	1418	10	10	0	0	45s	100	1	7108
r	1230	1388	10	10	0	0	45s	100	1	7108
r	1229	1378	10	10	0	0	45s	100	1	7108
r	1229	1372	10	10	0	0	45s	100	1	7108
r	1234	1352	10	10	0	0	45s	100	1	7108
