r	317	1201	10	10	0	0	30s	100	1	1451
r	311	1163	10	10	0	0	30s	100	1	1451
r	387	1197	10	10	0	0	30s	100	1	1451
r	383	1243	10	10	0	0	30s	100	1	1451
r	410	1196	10	10	0	0	30s	100	1	1451
r	400	1161	10	10	0	0	30s	100	1	1451
r	351	1164	10	10	0	0	30s	100	1	1451
r	336	1147	10	10	0	0	30s	100	1	1451
r	339	1113	10	10	0	0	30s	100	1	1451
r	324	1079	10	10	0	0	30s	100	1	1451
r	314	1064	10	10	0	0	30s	100	1	1451
r	307	1053	10	10	0	0	30s	100	1	1451
r	294	1028	10	10	0	0	30s	100	1	1451
r	312	1015	10	10	0	0	30s	100	1	1451
r	331	1002	10	10	0	0	30s	100	1	1451
r	420	1225	10	10	0	0	30s	100	1	1451
r	425	1207	10	10	0	0	30s	100	1	1451
r	423	1174	10	10	0	0	30s	100	1	1451
r	380	1071	10	10	0	0	30s	100	1	1451
r	362	1079	10	10	0	0	30s	100	1	1451
r	397	990	10	10	0	0	30s	100	1	1451
r	384	977	10	10	0	0	30s	100	1	1451
r	358	957	10	10	0	0	30s	100	1	1451
r	329	940	10	10	0	0	30s	100	1	1451
r	290	963	10	10	0	0	30s	100	1	1451
r	268	988	10	10	0	0	30s	100	1	1451
r	250	984	10	10	0	0	30s	100	1	1451
r	170	951	10	10	0	0	30s	100	1	1451
r	165	911	10	10	0	0	30s	100	1	1451
r	171	881	10	10	0	0	30s	100	1	1451
r	173	841	10	10	0	0	30s	100	1	1451
r	208	821	10	10	0	0	30s	100	1	1451
r	239	812	10	10	0	0	30s	100	1	1451
r	271	821	10	10	0	0	30s	100	1	1451
r	327	815	10	10	0	0	30s	100	1	1451
r	362	808	10	10	0	0	30s	100	1	1451
r	379	786	10	10	0	0	30s	100	1	1451
r	394	769	10	10	0	0	30s	100	1	1451
r	475	903	10	10	0	0	30s	100	1	1451
r	547	871	10	10	0	0	30s	100	1	1451
r	570	850	10	10	0	0	30s	100	1	1451
r	603	808	10	10	0	0	30s	100	1	1451
r	563	809	10	10	0	0	30s	100	1	1451
r	576	803	10	10	0	0	30s	100	1	1451
r	618	764	10	10	0	0	30s	100	1	1451
r	598	735	10	10	0	0	30s	100	1	1451
r	575	723	10	10	0	0	30s	100	1	1451
r	565	715	10	10	0	0	30s	100	1	1451
r	619	703	10	10	0	0	30s	100	1	1451
r	662	710	10	10	0	0	30s	100	1	1451
r	714	708	10	10	0	0	30s	100	1	1451
r	539	662	10	10	0	0	30s	100	1	1451
r	535	621	10	10	0	0	30s	100	1	1451
r	518	582	10	10	0	0	30s	100	1	1451
r	504	564	10	10	0	0	30s	100	1	1451
r	491	543	10	10	0	0	30s	100	1	1451
r	476	521	10	10	0	0	30s	100	1	1451
r	442	518	10	10	0	0	30s	100	1	1451
r	393	530	10	10	0	0	30s	100	1	1451
r	349	535	10	10	0	0	30s	100	1	1451
r	330	543	10	10	0	0	30s	100	1	1451
r	296	565	10	10	0	0	30s	100	1	1451
r	310	596	10	10	0	0	30s	100	1	1451
r	328	620	10	10	0	0	30s	100	1	1451
r	316	659	10	10	0	0	30s	100	1	1451
r	255	667	10	10	0	0	30s	100	1	1451
r	233	686	10	10	0	0	30s	100	1	1451
r	238	691	10	10	0	0	30s	100	1	1451
r	349	668	10	10	0	0	30s	100	1	1451
r	369	653	10	10	0	0	30s	100	1	1451
r	374	674	10	10	0	0	30s	100	1	1451
r	386	682	10	10	0	0	30s	100	1	1451
r	407	688	10	10	0	0	30s	100	1	1451
r	407	708	10	10	0	0	30s	100	1	1451
r	418	723	10	10	0	0	30s	100	1	1451
r	251	633	10	10	0	0	30s	100	1	1451
r	224	644	10	10	0	0	30s	100	1	1451
r	213	681	10	10	0	0	30s	100	1	1451
r	210	709	10	10	0	0	30s	100	1	1451
r	192	731	10	10	0	0	30s	100	1	1451
r	254	723	10	10	0	0	30s	100	1	1451
r	242	695	10	10	0	0	30s	100	1	1451
r	196	678	10	10	0	0	30s	100	1	1451
r	232	639	10	10	0	0	30s	100	1	1451
r	251	630	10	10	0	0	30s	100	1	1451
r	282	559	10	10	0	0	30s	100	1	1451
r	280	524	10	10	0	0	30s	100	1	1451
r	265	504	10	10	0	0	30s	100	1	1451
r	248	473	10	10	0	0	30s	100	1	1451
r	289	472	10	10	0	0	30s	100	1	1451
r	302	433	10	10	0	0	30s	100	1	1451
r	277	395	10	10	0	0	30s	100	1	1451
r	266	381	10	10	0	0	30s	100	1	1451
r	268	357	10	10	0	0	30s	100	1	1451
r	266	340	10	10	0	0	30s	100	1	1451
r	286	323	10	10	0	0	30s	100	1	1451
r	306	330	10	10	0	0	30s	100	1	1451
r	335	347	10	10	0	0	30s	100	1	1451
r	392	359	10	10	0	0	30s	100	1	1451
r	357	338	10	10	0	0	30s	100	1	1451
r	332	340	10	10	0	0	30s	100	1	1451
r	443	512	10	10	0	0	30s	100	1	1451
r	489	491	10	10	0	0	30s	100	1	1451
r	495	538	10	10	0	0	30s	100	1	1451
r	495	542	10	10	0	0	30s	100	1	1451
r	236	385	10	10	0	0	30s	100	1	1451
r	270	343	10	10	0	0	30s	100	1	1451
r	237	308	10	10	0	0	30s	100	1	1451
r	222	291	10	10	0	0	30s	100	1	1451
r	195	268	10	10	0	0	30s	100	1	1451
r	224	268	10	10	0	0	30s	100	1	1451
r	232	280	10	10	0	0	30s	100	1	1451
r	250	295	10	10	0	0	30s	100	1	1451
r	267	281	10	10	0	0	30s	100	1	1451
r	279	302	10	10	0	0	30s	100	1	1451
r	555	834	10	10	0	0	30s	100	1	1451
r	547	828	10	10	0	0	30s	100	1	1451
r	534	852	10	10	0	0	30s	100	1	1451
r	520	889	10	10	0	0	30s	100	1	1451
r	500	913	10	10	0	0	30s	100	1	1451
r	465	915	10	10	0	0	30s	100	1	1451
r	452	937	10	10	0	0	30s	100	1	1451
r	416	945	10	10	0	0	30s	100	1	1451
r	401	938	10	10	0	0	30s	100	1	1451
r	354	941	10	10	0	0	30s	100	1	1451
r	318	1005	10	10	0	0	30s	100	1	1451
r	323	1205	10	10	0	0	30s	100	1	1451
r	275	1189	10	10	0	0	30s	100	1	1451
r	242	1183	10	10	0	0	30s	100	1	1451
r	292	1198	10	10	0	0	30s	100	1	1451
r	348	1169	10	10	0	0	30s	100	1	1451
r	354	1159	10	10	0	0	30s	100	1	1451
r	397	1229	10	10	0	0	30s	100	1	1451
r	406	1237	10	10	0	0	30s	100	1	1451
r	374	1345	10	10	0	0	30s	100	1	1451
r	382	1341	10	10	0	0	30s	100	1	1451
r	401	1351	10	10	0	0	30s	100	1	1451
r	417	1357	10	10	0	0	30s	100	1	1451
r	440	1346	10	10	0	0	30s	100	1	1451
r	469	1341	10	10	0	0	30s	100	1	1451
r	496	1330	10	10	0	0	30s	100	1	1451
r	514	1304	10	10	0	0	30s	100	1	1451
r	514	1276	10	10	0	0	30s	100	1	1451
r	527	1255	10	10	0	0	30s	100	1	1451
r	534	1234	10	10	0	0	30s	100	1	1451
r	505	1200	10	10	0	0	30s	100	1	1451
r	530	1173	10	10	0	0	30s	100	1	1451
r	548	1164	10	10	0	0	30s	100	1	1451
r	557	1156	10	10	0	0	30s	100	1	1451
r	588	1145	10	10	0	0	30s	100	1	1451
r	661	1109	10	10	0	0	30s	100	1	1451
r	687	1092	10	10	0	0	30s	100	1	1451
r	720	1098	10	10	0	0	30s	100	1	1451
r	670	1059	10	10	0	0	30s	100	1	1451
r	651	1041	10	10	0	0	30s	100	1	1451
r	685	1029	10	10	0	0	30s	100	1	1451
r	707	1032	10	10	0	0	30s	100	1	1451
r	729	1028	10	10	0	0	30s	100	1	1451
r	678	987	10	10	0	0	30s	100	1	1451
r	697	973	10	10	0	0	30s	100	1	1451
r	738	975	10	10	0	0	30s	100	1	1451
r	779	981	10	10	0	0	30s	100	1	1451
r	722	919	10	10	0	0	30s	100	1	1451
r	706	916	10	10	0	0	30s	100	1	1451
r	660	905	10	10	0	0	30s	100	1	1451
r	638	861	10	10	0	0	30s	100	1	1451
r	622	827	10	10	0	0	30s	100	1	1451
r	643	791	10	10	0	0	30s	100	1	1451
r	642	758	10	10	0	0	30s	100	1	1451
r	684	735	10	10	0	0	30s	100	1	1451
r	739	729	10	10	0	0	30s	100	1	1451
r	797	715	10	10	0	0	30s	100	1	1451
r	813	714	10	10	0	0	30s	100	1	1451
r	451	446	10	10	0	0	30s	100	1	1451
r	451	436	10	10	0	0	30s	100	1	1451
r	364	366	10	10	0	0	30s	100	1	1451
r	359	372	10	10	0	0	30s	100	1	1451
r	399	389	10	10	0	0	30s	100	1	1451
r	458	443	10	10	0	0	30s	100	1	1451
r	392	413	10	10	0	0	30s	100	1	1451
r	459	433	10	10	0	0	30s	100	1	1451
r	480	454	10	10	0	0	30s	100	1	1451
r	521	483	10	10	0	0	30s	100	1	1451
r	537	465	10	10	0	0	30s	100	1	1451
r	527	463	10	10	0	0	30s	100	1	1451
r	768	1047	10	10	0	0	30s	100	1	1451
r	780	1058	10	10	0	0	30s	100	1	1451
r	767	1086	10	10	0	0	30s	100	1	1451
r	776	1107	10	10	0	0	30s	100	1	1451
r	788	1149	10	10	0	0	30s	100	1	1451
r	801	1181	10	10	0	0	30s	100	1	1451
r	798	1213	10	10	0	0	30s	100	1	1451
r	802	1252	10	10	0	0	30s	100	1	1451
r	798	1277	10	10	0	0	30s	100	1	1451
r	826	1319	10	10	0	0	30s	100	1	1451
r	838	1335	10	10	0	0	30s	100	1	1451
r	864	1359	10	10	0	0	30s	100	1	1451
r	887	1365	10	10	0	0	30s	100	1	1451
r	829	1345	10	10	0	0	30s	100	1	1451
r	859	1357	10	10	0	0	30s	100	1	1451
r	881	1374	10	10	0	0	30s	100	1	1451
r	889	1385	10	10	0	0	30s	100	1	1451
r	896	1396	10	10	0	0	30s	100	1	1451
r	903	1400	10	10	0	0	30s	100	1	1451
r	729	1341	10	10	0	0	30s	100	1	1451
r	708	1337	10	10	0	0	30s	100	1	1451
r	719	1328	10	10	0	0	30s	100	1	1451
r	773	1322	10	10	0	0	30s	100	1	1451
r	774	1292	10	10	0	0	30s	100	1	1451
r	767	1280	10	10	0	0	30s	100	1	1451
r	791	1257	10	10	0	0	30s	100	1	1451
r	490	1330	10	10	0	0	30s	100	1	1451
r	519	1302	10	10	0	0	30s	100	1	1451
r	541	1258	10	10	0	0	30s	100	1	1451
r	537	1202	10	10	0	0	30s	100	1	1451
r	759	1082	10	10	0	0	30s	100	1	1451
r	750	1071	10	10	0	0	30s	100	1	1451
r	796	1040	10	10	0	0	30s	100	1	1451
r	831	974	10	10	0	0	30s	100	1	1451
r	860	979	10	10	0	0	30s	100	1	1451
r	886	977	10	10	0	0	30s	100	1	1451
r	911	941	10	10	0	0	30s	100	1	1451
r	959	950	10	10	0	0	30s	100	1	1451
r	991	958	10	10	0	0	30s	100	1	1451
r	1006	950	10	10	0	0	30s	100	1	1451
r	965	914	10	10	0	0	30s	100	1	1451
r	929	905	10	10	0	0	30s	100	1	1451
r	908	885	10	10	0	0	30s	100	1	1451
r	883	868	10	10	0	0	30s	100	1	1451
r	868	850	10	10	0	0	30s	100	1	1451
r	863	841	10	10	0	0	30s	100	1	1451
r	845	856	10	10	0	0	30s	100	1	1451
r	1043	980	10	10	0	0	30s	100	1	1451
r	1091	982	10	10	0	0	30s	100	1	1451
r	1134	997	10	10	0	0	30s	100	1	1451
r	1177	1002	10	10	0	0	30s	100	1	1451
r	1224	984	10	10	0	0	30s	100	1	1451
r	1252	982	10	10	0	0	30s	100	1	1451
r	1263	989	10	10	0	0	30s	100	1	1451
r	1103	1050	10	10	0	0	30s	100	1	1451
r	1099	1065	10	10	0	0	30s	100	1	1451
r	1100	1085	10	10	0	0	30s	100	1	1451
r	1100	1101	10	10	0	0	30s	100	1	1451
r	1081	1118	10	10	0	0	30s	100	1	1451
r	1067	1138	10	10	0	0	30s	100	1	1451
r	1054	1157	10	10	0	0	30s	100	1	1451
r	1016	1183	10	10	0	0	30s	100	1	1451
r	1015	1208	10	10	0	0	30s	100	1	1451
r	1021	1243	10	10	0	0	30s	100	1	1451
r	1023	1250	10	10	0	0	30s	100	1	1451
r	1027	1259	10	10	0	0	30s	100	1	1451
r	1136	1158	10	10	0	0	30s	100	1	1451
r	1170	1187	10	10	0	0	30s	100	1	1451
r	1233	1206	10	10	0	0	30s	100	1	1451
r	1276	1215	10	10	0	0	30s	100	1	1451
r	1281	1241	10	10	0	0	30s	100	1	1451
r	1271	1261	10	10	0	0	30s	100	1	1451
r	1267	1264	10	10	0	0	30s	100	1	1451
r	1267	1287	10	10	0	0	30s	100	1	1451
r	1244	1305	10	10	0	0	30s	100	1	1451
r	1225	1320	10	10	0	0	30s	100	1	1451
r	1165	1007	10	10	0	0	30s	100	1	1451
r	1221	1006	10	10	0	0	30s	100	1	1451
r	1247	1002	10	10	0	0	30s	100	1	1451
r	1265	999	10	10	0	0	30s	100	1	1451
r	1266	995	10	10	0	0	30s	100	1	1451
r	1300	1047	10	10	0	0	30s	100	1	1451
r	1317	1051	10	10	0	0	30s	100	1	1451
r	1314	1074	10	10	0	0	30s	100	1	1451
r	1328	1082	10	10	0	0	30s	100	1	1451
r	1347	1118	10	10	0	0	30s	100	1	1451
r	1384	1139	10	10	0	0	30s	100	1	1451
r	1385	1142	10	10	0	0	30s	100	1	1451
r	1398	1161	10	10	0	0	30s	100	1	1451
r	1428	1167	10	10	0	0	30s	100	1	1451
r	885	895	10	10	0	0	30s	100	1	1451
r	593	783	10	10	0	0	30s	100	1	1451
r	531	741	10	10	0	0	30s	100	1	1451
r	519	740	10	10	0	0	30s	100	1	1451
r	517	720	10	10	0	0	30s	100	1	1451
r	536	692	10	10	0	0	30s	100	1	1451
r	536	671	10	10	0	0	30s	100	1	1451
r	277	452	10	10	0	0	30s	100	1	1451
r	304	444	10	10	0	0	30s	100	1	1451
r	329	382	10	10	0	0	30s	100	1	1451
r	332	374	10	10	0	0	30s	100	1	1451
r	336	412	10	10	0	0	30s	100	1	1451
r	296	425	10	10	0	0	30s	100	1	1451
r	260	451	10	10	0	0	30s	100	1	1451
r	300	462	10	10	0	0	30s	100	1	1451
r	204	465	10	10	0	0	30s	100	1	1451
r	201	465	10	10	0	0	30s	100	1	1451
r	199	478	10	10	0	0	30s	100	1	1451
r	356	1208	10	10	0	0	30s	100	1	1452
r	337	1159	10	10	0	0	30s	100	1	1452
r	361	1142	10	10	0	0	30s	100	1	1452
r	376	1173	10	10	0	0	30s	100	1	1452
r	417	1182	10	10	0	0	30s	100	1	1452
r	420	1182	10	10	0	0	30s	100	1	1452
r	320	1082	10	10	0	0	30s	100	1	1452
r	304	1057	10	10	0	0	30s	100	1	1452
r	321	1011	10	10	0	0	30s	100	1	1452
r	286	969	10	10	0	0	30s	100	1	1452
r	286	969	10	10	0	0	30s	100	1	1452
r	258	1000	10	10	0	0	30s	100	1	1452
r	218	974	10	10	0	0	30s	100	1	1452
r	183	941	10	10	0	0	30s	100	1	1452
r	200	948	10	10	0	0	30s	100	1	1452
r	311	939	10	10	0	0	30s	100	1	1452
r	294	919	10	10	0	0	30s	100	1	1452
r	298	898	10	10	0	0	30s	100	1	1452
r	290	864	10	10	0	0	30s	100	1	1452
r	300	849	10	10	0	0	30s	100	1	1452
r	277	821	10	10	0	0	30s	100	1	1452
r	248	813	10	10	0	0	30s	100	1	1452
r	177	830	10	10	0	0	30s	100	1	1452
r	150	848	10	10	0	0	30s	100	1	1452
r	184	895	10	10	0	0	30s	100	1	1452
r	164	947	10	10	0	0	30s	100	1	1452
r	201	964	10	10	0	0	30s	100	1	1452
r	323	826	10	10	0	0	30s	100	1	1452
r	351	847	10	10	0	0	30s	100	1	1452
r	365	798	10	10	0	0	30s	100	1	1452
r	379	781	10	10	0	0	30s	100	1	1452
r	398	769	10	10	0	0	30s	100	1	1452
r	404	744	10	10	0	0	30s	100	1	1452
r	409	728	10	10	0	0	30s	100	1	1452
r	403	698	10	10	0	0	30s	100	1	1452
r	372	675	10	10	0	0	30s	100	1	1452
r	341	660	10	10	0	0	30s	100	1	1452
r	299	664	10	10	0	0	30s	100	1	1452
r	272	677	10	10	0	0	30s	100	1	1452
r	253	685	10	10	0	0	30s	100	1	1452
r	300	656	10	10	0	0	30s	100	1	1452
r	285	610	10	10	0	0	30s	100	1	1452
r	231	579	10	10	0	0	30s	100	1	1452
r	276	575	10	10	0	0	30s	100	1	1452
r	301	540	10	10	0	0	30s	100	1	1452
r	310	574	10	10	0	0	30s	100	1	1452
r	337	556	10	10	0	0	30s	100	1	1452
r	307	521	10	10	0	0	30s	100	1	1452
r	281	484	10	10	0	0	30s	100	1	1452
r	309	472	10	10	0	0	30s	100	1	1452
r	295	445	10	10	0	0	30s	100	1	1452
r	311	435	10	10	0	0	30s	100	1	1452
r	326	431	10	10	0	0	30s	100	1	1452
r	320	437	10	10	0	0	30s	100	1	1452
r	354	417	10	10	0	0	30s	100	1	1452
r	317	390	10	10	0	0	30s	100	1	1452
r	276	382	10	10	0	0	30s	100	1	1452
r	272	356	10	10	0	0	30s	100	1	1452
r	291	320	10	10	0	0	30s	100	1	1452
r	242	290	10	10	0	0	30s	100	1	1452
r	190	268	10	10	0	0	30s	100	1	1452
r	192	274	10	10	0	0	30s	100	1	1452
r	291	308	10	10	0	0	30s	100	1	1452
r	319	341	10	10	0	0	30s	100	1	1452
r	387	386	10	10	0	0	30s	100	1	1452
r	418	411	10	10	0	0	30s	100	1	1452
r	424	422	10	10	0	0	30s	100	1	1452
r	457	427	10	10	0	0	30s	100	1	1452
r	471	445	10	10	0	0	30s	100	1	1452
r	470	463	10	10	0	0	30s	100	1	1452
r	488	467	10	10	0	0	30s	100	1	1452
r	497	512	10	10	0	0	30s	100	1	1452
r	503	566	10	10	0	0	30s	100	1	1452
r	530	579	10	10	0	0	30s	100	1	1452
r	524	632	10	10	0	0	30s	100	1	1452
r	544	671	10	10	0	0	30s	100	1	1452
r	525	706	10	10	0	0	30s	100	1	1452
r	555	734	10	10	0	0	30s	100	1	1452
r	565	751	10	10	0	0	30s	100	1	1452
r	550	774	10	10	0	0	30s	100	1	1452
r	536	792	10	10	0	0	30s	100	1	1452
r	530	826	10	10	0	0	30s	100	1	1452
r	568	845	10	10	0	0	30s	100	1	1452
r	586	855	10	10	0	0	30s	100	1	1452
r	627	853	10	10	0	0	30s	100	1	1452
r	627	853	10	10	0	0	30s	100	1	1452
r	641	774	10	10	0	0	30s	100	1	1452
r	631	742	10	10	0	0	30s	100	1	1452
r	673	716	10	10	0	0	30s	100	1	1452
r	724	708	10	10	0	0	30s	100	1	1452
r	748	706	10	10	0	0	30s	100	1	1452
r	773	705	10	10	0	0	30s	100	1	1452
r	798	733	10	10	0	0	30s	100	1	1452
r	812	745	10	10	0	0	30s	100	1	1452
r	827	805	10	10	0	0	30s	100	1	1452
r	863	863	10	10	0	0	30s	100	1	1452
r	878	869	10	10	0	0	30s	100	1	1452
r	898	905	10	10	0	0	30s	100	1	1452
r	916	904	10	10	0	0	30s	100	1	1452
r	836	882	10	10	0	0	30s	100	1	1452
r	776	932	10	10	0	0	30s	100	1	1452
r	753	937	10	10	0	0	30s	100	1	1452
r	788	975	10	10	0	0	30s	100	1	1452
r	863	981	10	10	0	0	30s	100	1	1452
r	822	998	10	10	0	0	30s	100	1	1452
r	791	1014	10	10	0	0	30s	100	1	1452
r	810	1049	10	10	0	0	30s	100	1	1452
r	755	1082	10	10	0	0	30s	100	1	1452
r	726	1041	10	10	0	0	30s	100	1	1452
r	723	1008	10	10	0	0	30s	100	1	1452
r	674	929	10	10	0	0	30s	100	1	1452
r	674	929	10	10	0	0	30s	100	1	1452
r	650	972	10	10	0	0	30s	100	1	1452
r	649	1015	10	10	0	0	30s	100	1	1452
r	632	1049	10	10	0	0	30s	100	1	1452
r	1097	1158	10	10	0	0	30s	100	1	1452
r	1147	1168	10	10	0	0	30s	100	1	1452
r	1196	1201	10	10	0	0	30s	100	1	1452
r	1228	1221	10	10	0	0	30s	100	1	1452
r	1260	1240	10	10	0	0	30s	100	1	1452
r	1278	1249	10	10	0	0	30s	100	1	1452
r	1098	1034	10	10	0	0	30s	100	1	1452
r	1128	1009	10	10	0	0	30s	100	1	1452
r	1191	997	10	10	0	0	30s	100	1	1452
r	1236	989	10	10	0	0	30s	100	1	1452
r	1295	1050	10	10	0	0	30s	100	1	1452
r	1329	1115	10	10	0	0	30s	100	1	1452
r	1360	1128	10	10	0	0	30s	100	1	1452
r	1380	1151	10	10	0	0	30s	100	1	1452
r	955	940	10	10	0	0	30s	100	1	1452
r	840	895	10	10	0	0	30s	100	1	1452
r	650	828	10	10	0	0	30s	100	1	1452
r	607	781	10	10	0	0	30s	100	1	1452
r	602	779	10	10	0	0	30s	100	1	1452
r	439	906	10	10	0	0	30s	100	1	1452
r	411	947	10	10	0	0	30s	100	1	1452
r	417	988	10	10	0	0	30s	100	1	1452
r	422	1003	10	10	0	0	30s	100	1	1452
r	459	1001	10	10	0	0	30s	100	1	1452
r	333	1028	10	10	0	0	30s	100	1	1452
r	335	1054	10	10	0	0	30s	100	1	1452
r	348	1084	10	10	0	0	30s	100	1	1452
r	369	1164	10	10	0	0	30s	100	1	1452
r	299	1193	10	10	0	0	30s	100	1	1452
r	306	1232	10	10	0	0	30s	100	1	1452
r	383	1239	10	10	0	0	30s	100	1	1452
r	517	1260	10	10	0	0	30s	100	1	1452
r	517	1210	10	10	0	0	30s	100	1	1452
r	551	1196	10	10	0	0	30s	100	1	1452
r	570	1150	10	10	0	0	30s	100	1	1452
r	644	1116	10	10	0	0	30s	100	1	1452
r	627	1102	10	10	0	0	30s	100	1	1452
r	654	1086	10	10	0	0	30s	100	1	1452
r	708	1092	10	10	0	0	30s	100	1	1452
r	773	1170	10	10	0	0	30s	100	1	1452
r	1121	1142	10	10	0	0	30s	100	1	1452
r	435	451	10	10	0	0	30s	100	1	1452
r	581	393	10	10	0	0	30s	100	1	1452
r	608	374	10	10	0	0	30s	100	1	1452
r	611	366	10	10	0	0	30s	100	1	1452
r	628	344	10	10	0	0	30s	100	1	1452
r	691	363	10	10	0	0	30s	100	1	1452
r	700	343	10	10	0	0	30s	100	1	1452
r	683	328	10	10	0	0	30s	100	1	1452
r	657	317	10	10	0	0	30s	100	1	1452
r	634	312	10	10	0	0	30s	100	1	1452
r	665	334	10	10	0	0	30s	100	1	1452
r	692	310	10	10	0	0	30s	100	1	1452
r	649	283	10	10	0	0	30s	100	1	1452
r	609	250	10	10	0	0	30s	100	1	1452
r	558	219	10	10	0	0	30s	100	1	1452
r	542	227	10	10	0	0	30s	100	1	1452
r	521	238	10	10	0	0	30s	100	1	1452
r	537	187	10	10	0	0	30s	100	1	1452
r	563	179	10	10	0	0	30s	100	1	1452
r	599	163	10	10	0	0	30s	100	1	1452
r	612	150	10	10	0	0	30s	100	1	1452
r	639	156	10	10	0	0	30s	100	1	1452
r	652	149	10	10	0	0	30s	100	1	1452
r	668	143	10	10	0	0	30s	100	1	1452
r	686	165	10	10	0	0	30s	100	1	1452
r	702	176	10	10	0	0	30s	100	1	1452
r	684	195	10	10	0	0	30s	100	1	1452
r	677	227	10	10	0	0	30s	100	1	1452
r	697	232	10	10	0	0	30s	100	1	1452
r	684	269	10	10	0	0	30s	100	1	1452
r	763	289	10	10	0	0	30s	100	1	1452
r	771	281	10	10	0	0	30s	100	1	1452
r	787	265	10	10	0	0	30s	100	1	1452
r	789	213	10	10	0	0	30s	100	1	1452
r	767	169	10	10	0	0	30s	100	1	1452
r	787	149	10	10	0	0	30s	100	1	1452
r	802	190	10	10	0	0	30s	100	1	1452
r	795	235	10	10	0	0	30s	100	1	1452
r	838	280	10	10	0	0	30s	100	1	1452
r	860	265	10	10	0	0	30s	100	1	1452
r	887	233	10	10	0	0	30s	100	1	1452
r	853	320	10	10	0	0	30s	100	1	1452
r	853	329	10	10	0	0	30s	100	1	1452
r	837	338	10	10	0	0	30s	100	1	1452
r	763	318	10	10	0	0	30s	100	1	1452
r	776	351	10	10	0	0	30s	100	1	1452
r	847	353	10	10	0	0	30s	100	1	1452
r	872	358	10	10	0	0	30s	100	1	1452
r	813	360	10	10	0	0	30s	100	1	1452
r	870	363	10	10	0	0	30s	100	1	1452
r	904	342	10	10	0	0	30s	100	1	1452
r	875	410	10	10	0	0	30s	100	1	1452
r	862	427	10	10	0	0	30s	100	1	1452
r	921	436	10	10	0	0	30s	100	1	1452
r	873	440	10	10	0	0	30s	100	1	1452
r	829	440	10	10	0	0	30s	100	1	1452
r	847	455	10	10	0	0	30s	100	1	1452
r	874	453	10	10	0	0	30s	100	1	1452
r	879	460	10	10	0	0	30s	100	1	1452
r	914	486	10	10	0	0	30s	100	1	1452
r	930	503	10	10	0	0	30s	100	1	1452
r	931	514	10	10	0	0	30s	100	1	1452
r	733	379	10	10	0	0	30s	100	1	1452
r	771	365	10	10	0	0	30s	100	1	1452
r	674	331	10	10	0	0	30s	100	1	1452
r	627	341	10	10	0	0	30s	100	1	1452
r	628	377	10	10	0	0	30s	100	1	1452
r	632	379	10	10	0	0	30s	100	1	1452
r	898	483	10	10	0	0	30s	100	1	1452
r	936	517	10	10	0	0	30s	100	1	1452
r	1003	536	10	10	0	0	30s	100	1	1452
r	959	489	10	10	0	0	30s	100	1	1452
r	936	461	10	10	0	0	30s	100	1	1452
r	983	454	10	10	0	0	30s	100	1	1452
r	969	499	10	10	0	0	30s	100	1	1452
r	994	543	10	10	0	0	30s	100	1	1452
r	1040	535	10	10	0	0	30s	100	1	1452
r	1040	591	10	10	0	0	30s	100	1	1452
r	1069	567	10	10	0	0	30s	100	1	1452
r	1083	536	10	10	0	0	30s	100	1	1452
r	1086	562	10	10	0	0	30s	100	1	1452
r	1108	597	10	10	0	0	30s	100	1	1452
r	1123	631	10	10	0	0	30s	100	1	1452
r	1143	564	10	10	0	0	30s	100	1	1452
r	1120	549	10	10	0	0	30s	100	1	1452
r	1138	529	10	10	0	0	30s	100	1	1452
r	1164	561	10	10	0	0	30s	100	1	1452
r	1185	546	10	10	0	0	30s	100	1	1452
r	1173	508	10	10	0	0	30s	100	1	1452
r	1190	493	10	10	0	0	30s	100	1	1452
r	1224	486	10	10	0	0	30s	100	1	1452
r	1259	496	10	10	0	0	30s	100	1	1452
r	1268	460	10	10	0	0	30s	100	1	1452
r	1291	455	10	10	0	0	30s	100	1	1452
r	1283	512	10	10	0	0	30s	100	1	1452
r	1316	473	10	10	0	0	30s	100	1	1452
r	1312	429	10	10	0	0	30s	100	1	1452
r	1250	495	10	10	0	0	30s	100	1	1452
r	1206	525	10	10	0	0	30s	100	1	1452
r	1215	569	10	10	0	0	30s	100	1	1452
r	1287	572	10	10	0	0	30s	100	1	1452
r	1327	582	10	10	0	0	30s	100	1	1452
r	1342	579	10	10	0	0	30s	100	1	1452
r	1380	569	10	10	0	0	30s	100	1	1452
r	1377	590	10	10	0	0	30s	100	1	1452
r	1250	581	10	10	0	0	30s	100	1	1452
r	1225	617	10	10	0	0	30s	100	1	1452
r	1213	621	10	10	0	0	30s	100	1	1452
r	1197	613	10	10	0	0	30s	100	1	1452
r	1160	667	10	10	0	0	30s	100	1	1452
r	1141	665	10	10	0	0	30s	100	1	1452
r	1120	674	10	10	0	0	30s	100	1	1452
r	1126	691	10	10	0	0	30s	100	1	1452
r	1063	715	10	10	0	0	30s	100	1	1452
r	1141	728	10	10	0	0	30s	100	1	1452
r	1083	744	10	10	0	0	30s	100	1	1452
r	991	704	10	10	0	0	30s	100	1	1452
r	972	748	10	10	0	0	30s	100	1	1452
r	1036	775	10	10	0	0	30s	100	1	1452
r	941	754	10	10	0	0	30s	100	1	1452
r	950	713	10	10	0	0	30s	100	1	1452
r	893	693	10	10	0	0	30s	100	1	1452
r	938	714	10	10	0	0	30s	100	1	1452
r	945	754	10	10	0	0	30s	100	1	1452
r	1018	725	10	10	0	0	30s	100	1	1452
r	1069	683	10	10	0	0	30s	100	1	1452
r	1053	648	10	10	0	0	30s	100	1	1452
r	1035	648	10	10	0	0	30s	100	1	1452
r	904	381	10	10	0	0	30s	100	1	1452
r	932	349	10	10	0	0	30s	100	1	1452
r	937	322	10	10	0	0	30s	100	1	1452
r	928	308	10	10	0	0	30s	100	1	1452
r	894	302	10	10	0	0	30s	100	1	1452
r	723	267	10	10	0	0	30s	100	1	1452
r	672	265	10	10	0	0	30s	100	1	1452
r	578	247	10	10	0	0	30s	100	1	1452
r	598	329	10	10	0	0	30s	100	1	1452
r	576	362	10	10	0	0	30s	100	1	1452
r	579	368	10	10	0	0	30s	100	1	1452
r	1348	455	10	10	0	0	30s	100	1	1452
r	1143	320	10	10	0	0	30s	100	1	1452
r	1174	298	10	10	0	0	30s	100	1	1452
r	1155	264	10	10	0	0	30s	100	1	1452
r	1143	235	10	10	0	0	30s	100	1	1452
r	1159	199	10	10	0	0	30s	100	1	1452
r	1166	174	10	10	0	0	30s	100	1	1452
r	1153	163	10	10	0	0	30s	100	1	1452
r	1179	289	10	10	0	0	30s	100	1	1452
r	1241	289	10	10	0	0	30s	100	1	1452
r	1264	291	10	10	0	0	30s	100	1	1452
r	1295	295	10	10	0	0	30s	100	1	1452
r	1325	274	10	10	0	0	30s	100	1	1452
r	1354	269	10	10	0	0	30s	100	1	1452
r	1398	270	10	10	0	0	30s	100	1	1452
r	1434	260	10	10	0	0	30s	100	1	1452
r	1453	262	10	10	0	0	30s	100	1	1452
r	1460	220	10	10	0	0	30s	100	1	1452
r	1448	187	10	10	0	0	30s	100	1	1452
r	1440	166	10	10	0	0	30s	100	1	1452
r	1431	141	10	10	0	0	30s	100	1	1452
r	1419	120	10	10	0	0	30s	100	1	1452
r	1410	101	10	10	0	0	30s	100	1	1452
r	1399	79	10	10	0	0	30s	100	1	1452
r	1378	80	10	10	0	0	30s	100	1	1452
r	1375	80	10	10	0	0	30s	100	1	1452
r	1429	70	10	10	0	0	30s	100	1	1452
r	1065	186	10	10	0	0	30s	100	1	1452
r	1042	179	10	10	0	0	30s	100	1	1452
r	947	168	10	10	0	0	30s	100	1	1452
r	930	172	10	10	0	0	30s	100	1	1452
r	922	212	10	10	0	0	30s	100	1	1452
r	937	253	10	10	0	0	30s	100	1	1452
r	901	281	10	10	0	0	30s	100	1	1452
r	904	248	10	10	0	0	30s	100	1	1452
r	879	266	10	10	0	0	30s	100	1	1452
r	953	237	10	10	0	0	30s	100	1	1453
r	955	178	10	10	0	0	30s	100	1	1453
r	1028	178	10	10	0	0	30s	100	1	1453
r	1031	169	10	10	0	0	30s	100	1	1453
r	918	175	10	10	0	0	30s	100	1	1453
r	882	259	10	10	0	0	30s	100	1	1453
r	860	272	10	10	0	0	30s	100	1	1453
r	827	266	10	10	0	0	30s	100	1	1453
r	767	286	10	10	0	0	30s	100	1	1453
r	679	299	10	10	0	0	30s	100	1	1453
r	652	288	10	10	0	0	30s	100	1	1453
r	674	249	10	10	0	0	30s	100	1	1453
r	577	223	10	10	0	0	30s	100	1	1453
r	567	196	10	10	0	0	30s	100	1	1453
r	592	169	10	10	0	0	30s	100	1	1453
r	627	159	10	10	0	0	30s	100	1	1453
r	649	165	10	10	0	0	30s	100	1	1453
r	768	156	10	10	0	0	30s	100	1	1453
r	774	149	10	10	0	0	30s	100	1	1453
r	774	173	10	10	0	0	30s	100	1	1453
r	659	317	10	10	0	0	30s	100	1	1453
r	616	348	10	10	0	0	30s	100	1	1453
r	634	357	10	10	0	0	30s	100	1	1453
r	809	415	10	10	0	0	30s	100	1	1453
r	846	448	10	10	0	0	30s	100	1	1453
r	901	472	10	10	0	0	30s	100	1	1453
r	945	517	10	10	0	0	30s	100	1	1453
r	961	528	10	10	0	0	30s	100	1	1453
r	1010	532	10	10	0	0	30s	100	1	1453
r	1036	562	10	10	0	0	30s	100	1	1453
r	1087	547	10	10	0	0	30s	100	1	1453
r	1081	576	10	10	0	0	30s	100	1	1453
r	1159	614	10	10	0	0	30s	100	1	1453
r	1139	627	10	10	0	0	30s	100	1	1453
r	1041	573	10	10	0	0	30s	100	1	1453
r	1060	587	10	10	0	0	30s	100	1	1453
r	1061	611	10	10	0	0	30s	100	1	1453
r	1084	642	10	10	0	0	30s	100	1	1453
r	1075	677	10	10	0	0	30s	100	1	1453
r	1148	690	10	10	0	0	30s	100	1	1453
r	1110	639	10	10	0	0	30s	100	1	1453
r	1109	639	10	10	0	0	30s	100	1	1453
r	1096	686	10	10	0	0	30s	100	1	1453
r	1103	718	10	10	0	0	30s	100	1	1453
r	1058	741	10	10	0	0	30s	100	1	1453
r	1018	745	10	10	0	0	30s	100	1	1453
r	1014	749	10	10	0	0	30s	100	1	1453
r	1068	737	10	10	0	0	30s	100	1	1453
r	1135	705	10	10	0	0	30s	100	1	1453
r	1132	681	10	10	0	0	30s	100	1	1453
r	1150	636	10	10	0	0	30s	100	1	1453
r	1170	617	10	10	0	0	30s	100	1	1453
r	1199	616	10	10	0	0	30s	100	1	1453
r	1308	570	10	10	0	0	30s	100	1	1453
r	1367	573	10	10	0	0	30s	100	1	1453
r	1374	569	10	10	0	0	30s	100	1	1453
r	1380	561	10	10	0	0	30s	100	1	1453
r	1397	562	10	10	0	0	30s	100	1	1453
r	1402	573	10	10	0	0	30s	100	1	1453
r	1203	562	10	10	0	0	30s	100	1	1453
r	1205	536	10	10	0	0	30s	100	1	1453
r	1284	485	10	10	0	0	30s	100	1	1453
r	1313	477	10	10	0	0	30s	100	1	1453
r	1276	440	10	10	0	0	30s	100	1	1453
r	1317	446	10	10	0	0	30s	100	1	1453
r	1355	436	10	10	0	0	30s	100	1	1453
r	1297	477	10	10	0	0	30s	100	1	1453
r	1211	470	10	10	0	0	30s	100	1	1453
r	1235	332	10	10	0	0	30s	100	1	1453
r	1209	310	10	10	0	0	30s	100	1	1453
r	1172	293	10	10	0	0	30s	100	1	1453
r	1142	319	10	10	0	0	30s	100	1	1453
r	1129	343	10	10	0	0	30s	100	1	1453
r	1184	353	10	10	0	0	30s	100	1	1453
r	1237	337	10	10	0	0	30s	100	1	1453
r	1266	354	10	10	0	0	30s	100	1	1453
r	1257	270	10	10	0	0	30s	100	1	1453
r	1286	280	10	10	0	0	30s	100	1	1453
r	1324	290	10	10	0	0	30s	100	1	1453
r	1367	275	10	10	0	0	30s	100	1	1453
r	1402	268	10	10	0	0	30s	100	1	1453
r	1418	275	10	10	0	0	30s	100	1	1453
r	1469	248	10	10	0	0	30s	100	1	1453
r	1455	202	10	10	0	0	30s	100	1	1453
r	1440	179	10	10	0	0	30s	100	1	1453
r	1432	160	10	10	0	0	30s	100	1	1453
r	1193	294	10	10	0	0	30s	100	1	1453
r	1142	268	10	10	0	0	30s	100	1	1453
r	1129	244	10	10	0	0	30s	100	1	1453
r	1165	216	10	10	0	0	30s	100	1	1453
r	1119	248	10	10	0	0	30s	100	1	1453
r	1101	248	10	10	0	0	30s	100	1	1453
r	1160	189	10	10	0	0	30s	100	1	1453
r	1165	162	10	10	0	0	30s	100	1	1453
r	1182	143	10	10	0	0	30s	100	1	1453
r	1188	138	10	10	0	0	30s	100	1	1453
r	1164	149	10	10	0	0	30s	100	1	1453
r	1191	154	10	10	0	0	30s	100	1	1453
r	1233	149	10	10	0	0	30s	100	1	1453
r	1260	155	10	10	0	0	30s	100	1	1453
r	1295	173	10	10	0	0	30s	100	1	1453
r	1312	178	10	10	0	0	30s	100	1	1453
r	1319	193	10	10	0	0	30s	100	1	1453
r	1301	195	10	10	0	0	30s	100	1	1453
r	1306	192	10	10	0	0	30s	100	1	1453
r	1282	164	10	10	0	0	30s	100	1	1453
r	1262	155	10	10	0	0	30s	100	1	1453
r	1216	149	10	10	0	0	30s	100	1	1453
r	1178	142	10	10	0	0	30s	100	1	1453
r	1130	172	10	10	0	0	30s	100	1	1453
r	1118	245	10	10	0	0	30s	100	1	1453
r	1105	243	10	10	0	0	30s	100	1	1453
r	802	1242	10	10	0	0	30s	100	1	1453
r	811	1302	10	10	0	0	30s	100	1	1453
r	820	1335	10	10	0	0	30s	100	1	1453
r	828	1313	10	10	0	0	30s	100	1	1453
r	779	1251	10	10	0	0	30s	100	1	1453
r	802	1207	10	10	0	0	30s	100	1	1453
r	784	1136	10	10	0	0	30s	100	1	1453
r	769	1085	10	10	0	0	30s	100	1	1453
r	797	1056	10	10	0	0	30s	100	1	1453
r	790	1018	10	10	0	0	30s	100	1	1453
r	788	1017	10	10	0	0	30s	100	1	1453
r	850	997	10	10	0	0	30s	100	1	1453
r	814	971	10	10	0	0	30s	100	1	1453
r	754	969	10	10	0	0	30s	100	1	1453
r	693	982	10	10	0	0	30s	100	1	1453
r	671	938	10	10	0	0	30s	100	1	1453
r	717	928	10	10	0	0	30s	100	1	1453
r	730	929	10	10	0	0	30s	100	1	1453
r	862	962	10	10	0	0	30s	100	1	1453
r	885	939	10	10	0	0	30s	100	1	1453
r	871	890	10	10	0	0	30s	100	1	1453
r	905	871	10	10	0	0	30s	100	1	1453
r	917	909	10	10	0	0	30s	100	1	1453
r	988	957	10	10	0	0	30s	100	1	1453
r	1068	978	10	10	0	0	30s	100	1	1453
r	1080	1017	10	10	0	0	30s	100	1	1453
r	1089	1028	10	10	0	0	30s	100	1	1453
r	1140	1029	10	10	0	0	30s	100	1	1453
r	1214	996	10	10	0	0	30s	100	1	1453
r	1243	1010	10	10	0	0	30s	100	1	1453
r	1317	1061	10	10	0	0	30s	100	1	1453
r	1337	1117	10	10	0	0	30s	100	1	1453
r	1379	1128	10	10	0	0	30s	100	1	1453
r	1394	1129	10	10	0	0	30s	100	1	1453
r	1030	769	10	10	0	0	30s	100	1	1453
r	1098	749	10	10	0	0	30s	100	1	1453
r	1130	734	10	10	0	0	30s	100	1	1453
r	1163	708	10	10	0	0	30s	100	1	1453
r	1162	667	10	10	0	0	30s	100	1	1453
r	1199	631	10	10	0	0	30s	100	1	1453
r	1238	608	10	10	0	0	30s	100	1	1453
r	1289	577	10	10	0	0	30s	100	1	1453
r	1317	569	10	10	0	0	30s	100	1	1453
r	1366	573	10	10	0	0	30s	100	1	1453
r	1345	528	10	10	0	0	30s	100	1	1453
r	1327	461	10	10	0	0	30s	100	1	1453
r	1266	457	10	10	0	0	30s	100	1	1453
r	1230	478	10	10	0	0	30s	100	1	1453
r	1091	522	10	10	0	0	30s	100	1	1453
r	1031	522	10	10	0	0	30s	100	1	1453
r	992	507	10	10	0	0	30s	100	1	1453
r	963	480	10	10	0	0	30s	100	1	1453
r	941	447	10	10	0	0	30s	100	1	1453
r	937	431	10	10	0	0	30s	100	1	1453
r	933	451	10	10	0	0	30s	100	1	1453
r	926	407	10	10	0	0	30s	100	1	1453
r	893	347	10	10	0	0	30s	100	1	1453
r	908	331	10	10	0	0	30s	100	1	1453
r	927	304	10	10	0	0	30s	100	1	1453
r	950	278	10	10	0	0	30s	100	1	1453
r	973	221	10	10	0	0	30s	100	1	1453
r	982	191	10	10	0	0	30s	100	1	1453
r	987	167	10	10	0	0	30s	100	1	1453
r	979	158	10	10	0	0	30s	100	1	1453
r	1004	153	10	10	0	0	30s	100	1	1453
r	1009	161	10	10	0	0	30s	100	1	1453
r	772	145	10	10	0	0	30s	100	1	1453
r	805	154	10	10	0	0	30s	100	1	1453
r	765	189	10	10	0	0	30s	100	1	1453
r	730	182	10	10	0	0	30s	100	1	1453
r	705	180	10	10	0	0	30s	100	1	1453
r	695	234	10	10	0	0	30s	100	1	1453
r	615	260	10	10	0	0	30s	100	1	1453
r	515	238	10	10	0	0	30s	100	1	1453
r	542	215	10	10	0	0	30s	100	1	1453
r	538	165	10	10	0	0	30s	100	1	1453
r	493	246	10	10	0	0	30s	100	1	1453
r	490	262	10	10	0	0	30s	100	1	1453
r	508	302	10	10	0	0	30s	100	1	1453
r	510	317	10	10	0	0	30s	100	1	1453
r	478	323	10	10	0	0	30s	100	1	1453
r	470	312	10	10	0	0	30s	100	1	1453
r	456	238	10	10	0	0	30s	100	1	1453
r	483	205	10	10	0	0	30s	100	1	1453
r	493	232	10	10	0	0	30s	100	1	1453
r	507	305	10	10	0	0	30s	100	1	1453
r	951	269	10	10	0	0	30s	100	1	1453
r	962	264	10	10	0	0	30s	100	1	1453
r	982	205	10	10	0	0	30s	100	1	1453
r	1011	199	10	10	0	0	30s	100	1	1453
r	1214	362	10	10	0	0	30s	100	1	1453
r	1178	351	10	10	0	0	30s	100	1	1453
r	1161	332	10	10	0	0	30s	100	1	1453
r	1187	311	10	10	0	0	30s	100	1	1453
r	1218	336	10	10	0	0	30s	100	1	1453
r	1211	364	10	10	0	0	30s	100	1	1453
r	1243	368	10	10	0	0	30s	100	1	1453
r	1254	336	10	10	0	0	30s	100	1	1453
r	1259	308	10	10	0	0	30s	100	1	1453
r	1282	306	10	10	0	0	30s	100	1	1453
r	1278	329	10	10	0	0	30s	100	1	1453
r	1168	483	10	10	0	0	30s	100	1	1453
r	1145	496	10	10	0	0	30s	100	1	1453
r	1142	515	10	10	0	0	30s	100	1	1453
r	1163	546	10	10	0	0	30s	100	1	1453
r	1167	582	10	10	0	0	30s	100	1	1453
r	1119	596	10	10	0	0	30s	100	1	1453
r	1060	635	10	10	0	0	30s	100	1	1453
r	1046	682	10	10	0	0	30s	100	1	1453
r	1037	715	10	10	0	0	30s	100	1	1453
r	1113	734	10	10	0	0	30s	100	1	1453
r	1131	735	10	10	0	0	30s	100	1	1453
