r	316	1809	10	10	0	0	35s	100	1	2301
r	281	1812	10	10	0	0	35s	100	1	2301
r	270	1801	10	10	0	0	35s	100	1	2301
r	234	1775	10	10	0	0	35s	100	1	2301
r	278	1751	10	10	0	0	35s	100	1	2301
r	313	1778	10	10	0	0	35s	100	1	2301
r	309	1788	10	10	0	0	35s	100	1	2301
r	268	1785	10	10	0	0	35s	100	1	2301
r	258	1770	10	10	0	0	35s	100	1	2301
r	297	1775	10	10	0	0	35s	100	1	2301
r	322	1779	10	10	0	0	35s	100	1	2301
r	335	1776	10	10	0	0	35s	100	1	2301
r	348	1762	10	10	0	0	35s	100	1	2301
r	370	1742	10	10	0	0	35s	100	1	2301
r	374	1758	10	10	0	0	35s	100	1	2301
r	414	1726	10	10	0	0	35s	100	1	2301
r	397	1705	10	10	0	0	35s	100	1	2301
r	356	1748	10	10	0	0	35s	100	1	2301
r	347	1803	10	10	0	0	35s	100	1	2301
r	345	1833	10	10	0	0	35s	100	1	2301
r	330	1840	10	10	0	0	35s	100	1	2301
r	304	1855	10	10	0	0	35s	100	1	2301
r	299	1856	10	10	0	0	35s	100	1	2301
r	293	1854	10	10	0	0	35s	100	1	2301
r	250	1842	10	10	0	0	35s	100	1	2301
r	242	1832	10	10	0	0	35s	100	1	2301
r	239	1828	10	10	0	0	35s	100	1	2301
r	215	1815	10	10	0	0	35s	100	1	2301
r	208	1830	10	10	0	0	35s	100	1	2301
r	175	1806	10	10	0	0	35s	100	1	2301
r	164	1789	10	10	0	0	35s	100	1	2301
r	154	1774	10	10	0	0	35s	100	1	2301
r	183	1785	10	10	0	0	35s	100	1	2301
r	191	1751	10	10	0	0	35s	100	1	2301
r	190	1733	10	10	0	0	35s	100	1	2301
r	218	1754	10	10	0	0	35s	100	1	2301
r	225	1768	10	10	0	0	35s	100	1	2301
r	198	1785	10	10	0	0	35s	100	1	2301
r	264	1786	10	10	0	0	35s	100	1	2301
r	247	1788	10	10	0	0	35s	100	1	2301
r	246	1784	10	10	0	0	35s	100	1	2301
r	250	1756	10	10	0	0	35s	100	1	2301
r	244	1727	10	10	0	0	35s	100	1	2301
r	271	1709	10	10	0	0	35s	100	1	2301
r	210	1672	10	10	0	0	35s	100	1	2301
r	207	1705	10	10	0	0	35s	100	1	2301
r	208	1725	10	10	0	0	35s	100	1	2301
r	273	1687	10	10	0	0	35s	100	1	2301
r	262	1678	10	10	0	0	35s	100	1	2301
r	251	1673	10	10	0	0	35s	100	1	2301
r	234	1693	10	10	0	0	35s	100	1	2301
r	290	1671	10	10	0	0	35s	100	1	2301
r	316	1647	10	10	0	0	35s	100	1	2301
r	350	1648	10	10	0	0	35s	100	1	2301
r	380	1671	10	10	0	0	35s	100	1	2301
r	383	1674	10	10	0	0	35s	100	1	2301
r	386	1686	10	10	0	0	35s	100	1	2301
r	382	1627	10	10	0	0	35s	100	1	2301
r	313	1619	10	10	0	0	35s	100	1	2301
r	371	1634	10	10	0	0	35s	100	1	2301
r	403	1628	10	10	0	0	35s	100	1	2301
r	390	1603	10	10	0	0	35s	100	1	2301
r	335	1596	10	10	0	0	35s	100	1	2301
r	288	1619	10	10	0	0	35s	100	1	2301
r	237	1630	10	10	0	0	35s	100	1	2301
r	212	1661	10	10	0	0	35s	100	1	2301
r	181	1676	10	10	0	0	35s	100	1	2301
r	203	1614	10	10	0	0	35s	100	1	2301
r	240	1611	10	10	0	0	35s	100	1	2301
r	182	1643	10	10	0	0	35s	100	1	2301
r	194	1659	10	10	0	0	35s	100	1	2301
r	264	1641	10	10	0	0	35s	100	1	2301
r	225	1639	10	10	0	0	35s	100	1	2301
r	223	1583	10	10	0	0	35s	100	1	2301
r	261	1569	10	10	0	0	35s	100	1	2301
r	229	1597	10	10	0	0	35s	100	1	2301
r	222	1610	10	10	0	0	35s	100	1	2301
r	244	1601	10	10	0	0	35s	100	1	2301
r	232	1572	10	10	0	0	35s	100	1	2301
r	192	1554	10	10	0	0	35s	100	1	2301
r	247	1532	10	10	0	0	35s	100	1	2301
r	267	1525	10	10	0	0	35s	100	1	2301
r	348	1526	10	10	0	0	35s	100	1	2301
r	369	1581	10	10	0	0	35s	100	1	2301
r	326	1594	10	10	0	0	35s	100	1	2301
r	338	1549	10	10	0	0	35s	100	1	2301
r	368	1585	10	10	0	0	35s	100	1	2301
r	367	1614	10	10	0	0	35s	100	1	2301
r	390	1615	10	10	0	0	35s	100	1	2301
r	401	1554	10	10	0	0	35s	100	1	2301
r	391	1536	10	10	0	0	35s	100	1	2301
r	424	1553	10	10	0	0	35s	100	1	2301
r	422	1566	10	10	0	0	35s	100	1	2301
r	420	1593	10	10	0	0	35s	100	1	2301
r	440	1605	10	10	0	0	35s	100	1	2301
r	445	1622	10	10	0	0	35s	100	1	2301
r	410	1621	10	10	0	0	35s	100	1	2301
r	376	1631	10	10	0	0	35s	100	1	2301
r	386	1661	10	10	0	0	35s	100	1	2301
r	355	1593	10	10	0	0	35s	100	1	2301
r	331	1567	10	10	0	0	35s	100	1	2301
r	352	1557	10	10	0	0	35s	100	1	2301
r	395	1533	10	10	0	0	35s	100	1	2301
r	419	1528	10	10	0	0	35s	100	1	2301
r	459	1536	10	10	0	0	35s	100	1	2301
r	475	1553	10	10	0	0	35s	100	1	2301
r	495	1581	10	10	0	0	35s	100	1	2301
r	535	1616	10	10	0	0	35s	100	1	2301
r	481	1636	10	10	0	0	35s	100	1	2301
r	310	1642	10	10	0	0	35s	100	1	2301
r	285	1648	10	10	0	0	35s	100	1	2301
r	254	1673	10	10	0	0	35s	100	1	2301
r	246	1696	10	10	0	0	35s	100	1	2301
r	261	1707	10	10	0	0	35s	100	1	2301
r	527	1661	10	10	0	0	35s	100	1	2301
r	550	1714	10	10	0	0	35s	100	1	2301
r	561	1692	10	10	0	0	35s	100	1	2301
r	556	1664	10	10	0	0	35s	100	1	2301
r	581	1736	10	10	0	0	35s	100	1	2301
r	611	1767	10	10	0	0	35s	100	1	2301
r	567	1774	10	10	0	0	35s	100	1	2301
r	596	1827	10	10	0	0	35s	100	1	2301
r	590	1859	10	10	0	0	35s	100	1	2301
r	555	1856	10	10	0	0	35s	100	1	2301
r	594	1878	10	10	0	0	35s	100	1	2301
r	619	1894	10	10	0	0	35s	100	1	2301
r	620	1920	10	10	0	0	35s	100	1	2301
r	551	1889	10	10	0	0	35s	100	1	2301
r	623	1915	10	10	0	0	35s	100	1	2301
r	666	1944	10	10	0	0	35s	100	1	2301
r	688	1917	10	10	0	0	35s	100	1	2301
r	633	1896	10	10	0	0	35s	100	1	2301
r	659	1918	10	10	0	0	35s	100	1	2301
r	673	1902	10	10	0	0	35s	100	1	2301
r	646	1827	10	10	0	0	35s	100	1	2301
r	638	1826	10	10	0	0	35s	100	1	2301
r	625	1827	10	10	0	0	35s	100	1	2301
r	658	1846	10	10	0	0	35s	100	1	2301
r	580	1881	10	10	0	0	35s	100	1	2301
r	610	1882	10	10	0	0	35s	100	1	2301
r	660	1861	10	10	0	0	35s	100	1	2301
r	618	1801	10	10	0	0	35s	100	1	2301
r	626	1856	10	10	0	0	35s	100	1	2301
r	633	1861	10	10	0	0	35s	100	1	2301
r	692	1850	10	10	0	0	35s	100	1	2301
r	666	1792	10	10	0	0	35s	100	1	2301
r	634	1766	10	10	0	0	35s	100	1	2301
r	617	1775	10	10	0	0	35s	100	1	2301
r	653	1774	10	10	0	0	35s	100	1	2301
r	646	1735	10	10	0	0	35s	100	1	2301
r	630	1710	10	10	0	0	35s	100	1	2301
r	616	1731	10	10	0	0	35s	100	1	2301
r	574	1743	10	10	0	0	35s	100	1	2301
r	587	1685	10	10	0	0	35s	100	1	2301
r	642	1716	10	10	0	0	35s	100	1	2301
r	667	1748	10	10	0	0	35s	100	1	2301
r	682	1786	10	10	0	0	35s	100	1	2301
r	698	1744	10	10	0	0	35s	100	1	2301
r	646	1694	10	10	0	0	35s	100	1	2301
r	631	1644	10	10	0	0	35s	100	1	2301
r	662	1646	10	10	0	0	35s	100	1	2301
r	583	1626	10	10	0	0	35s	100	1	2301
r	580	1647	10	10	0	0	35s	100	1	2301
r	599	1603	10	10	0	0	35s	100	1	2301
r	589	1611	10	10	0	0	35s	100	1	2301
r	543	1605	10	10	0	0	35s	100	1	2301
r	576	1583	10	10	0	0	35s	100	1	2301
r	645	1586	10	10	0	0	35s	100	1	2301
r	668	1571	10	10	0	0	35s	100	1	2301
r	618	1553	10	10	0	0	35s	100	1	2301
r	630	1626	10	10	0	0	35s	100	1	2301
r	641	1630	10	10	0	0	35s	100	1	2301
r	679	1671	10	10	0	0	35s	100	1	2301
r	675	1694	10	10	0	0	35s	100	1	2301
r	631	1662	10	10	0	0	35s	100	1	2301
r	620	1641	10	10	0	0	35s	100	1	2301
r	622	1620	10	10	0	0	35s	100	1	2301
r	603	1574	10	10	0	0	35s	100	1	2301
r	532	1549	10	10	0	0	35s	100	1	2301
r	558	1582	10	10	0	0	35s	100	1	2301
r	543	1614	10	10	0	0	35s	100	1	2301
r	523	1542	10	10	0	0	35s	100	1	2301
r	520	1545	10	10	0	0	35s	100	1	2301
r	542	1589	10	10	0	0	35s	100	1	2301
r	542	1559	10	10	0	0	35s	100	1	2301
r	532	1561	10	10	0	0	35s	100	1	2301
r	527	1497	10	10	0	0	35s	100	1	2301
r	472	1488	10	10	0	0	35s	100	1	2301
r	604	1574	10	10	0	0	35s	100	1	2301
r	513	1513	10	10	0	0	35s	100	1	2301
r	548	1513	10	10	0	0	35s	100	1	2301
r	560	1513	10	10	0	0	35s	100	1	2301
r	611	1456	10	10	0	0	35s	100	1	2301
r	632	1479	10	10	0	0	35s	100	1	2301
r	638	1552	10	10	0	0	35s	100	1	2301
r	613	1577	10	10	0	0	35s	100	1	2301
r	453	1416	10	10	0	0	35s	100	1	2301
r	495	1394	10	10	0	0	35s	100	1	2301
r	459	1369	10	10	0	0	35s	100	1	2301
r	453	1365	10	10	0	0	35s	100	1	2301
r	536	1393	10	10	0	0	35s	100	1	2301
r	583	1425	10	10	0	0	35s	100	1	2301
r	621	1399	10	10	0	0	35s	100	1	2301
r	552	1413	10	10	0	0	35s	100	1	2301
r	486	1419	10	10	0	0	35s	100	1	2301
r	471	1444	10	10	0	0	35s	100	1	2301
r	469	1457	10	10	0	0	35s	100	1	2301
r	435	1479	10	10	0	0	35s	100	1	2301
r	453	1510	10	10	0	0	35s	100	1	2301
r	391	1530	10	10	0	0	35s	100	1	2301
r	275	1469	10	10	0	0	35s	100	1	2301
r	234	1436	10	10	0	0	35s	100	1	2301
r	202	1412	10	10	0	0	35s	100	1	2301
r	261	1379	10	10	0	0	35s	100	1	2301
r	229	1386	10	10	0	0	35s	100	1	2301
r	187	1422	10	10	0	0	35s	100	1	2301
r	211	1468	10	10	0	0	35s	100	1	2301
r	223	1488	10	10	0	0	35s	100	1	2301
r	156	1498	10	10	0	0	35s	100	1	2301
r	201	1433	10	10	0	0	35s	100	1	2301
r	222	1408	10	10	0	0	35s	100	1	2301
r	176	1350	10	10	0	0	35s	100	1	2301
r	231	1311	10	10	0	0	35s	100	1	2301
r	204	1283	10	10	0	0	35s	100	1	2301
r	202	1284	10	10	0	0	35s	100	1	2301
r	217	1447	10	10	0	0	35s	100	1	2301
r	246	1391	10	10	0	0	35s	100	1	2301
r	144	1449	10	10	0	0	35s	100	1	2301
r	204	1517	10	10	0	0	35s	100	1	2301
r	181	1559	10	10	0	0	35s	100	1	2301
r	224	1598	10	10	0	0	35s	100	1	2301
r	266	1499	10	10	0	0	35s	100	1	2301
r	230	1471	10	10	0	0	35s	100	1	2301
r	401	1546	10	10	0	0	35s	100	1	2301
r	514	1531	10	10	0	0	35s	100	1	2301
r	550	1440	10	10	0	0	35s	100	1	2301
r	585	1421	10	10	0	0	35s	100	1	2301
r	603	1479	10	10	0	0	35s	100	1	2301
r	588	1493	10	10	0	0	35s	100	1	2301
r	603	1430	10	10	0	0	35s	100	1	2301
r	591	1400	10	10	0	0	35s	100	1	2301
r	648	1381	10	10	0	0	35s	100	1	2301
r	617	1438	10	10	0	0	35s	100	1	2301
r	506	1372	10	10	0	0	35s	100	1	2301
r	459	1345	10	10	0	0	35s	100	1	2301
r	510	1372	10	10	0	0	35s	100	1	2301
r	519	1381	10	10	0	0	35s	100	1	2301
r	571	757	0	10	10	0	30s	100	1	2302
r	532	757	0	10	10	0	30s	100	1	2302
r	514	757	0	10	10	0	30s	100	1	2302
r	503	754	0	10	10	0	30s	100	1	2302
r	514	719	0	10	10	0	30s	100	1	2302
r	518	702	0	10	10	0	30s	100	1	2302
r	492	681	0	10	10	0	30s	100	1	2302
r	463	678	0	10	10	0	30s	100	1	2302
r	449	686	0	10	10	0	30s	100	1	2302
r	483	706	0	10	10	0	30s	100	1	2302
r	500	684	0	10	10	0	30s	100	1	2302
r	497	638	0	10	10	0	30s	100	1	2302
r	479	632	0	10	10	0	30s	100	1	2302
r	471	613	0	10	10	0	30s	100	1	2302
r	524	578	0	10	10	0	30s	100	1	2302
r	492	536	0	10	10	0	30s	100	1	2302
r	478	559	0	10	10	0	30s	100	1	2302
r	490	599	0	10	10	0	30s	100	1	2302
r	502	603	0	10	10	0	30s	100	1	2302
r	480	647	0	10	10	0	30s	100	1	2302
r	537	706	0	10	10	0	30s	100	1	2302
r	545	738	0	10	10	0	30s	100	1	2302
r	541	766	0	10	10	0	30s	100	1	2302
r	539	777	0	10	10	0	30s	100	1	2302
r	588	790	0	10	10	0	30s	100	1	2302
r	515	755	0	10	10	0	30s	100	1	2302
r	515	644	0	10	10	0	30s	100	1	2302
r	520	597	0	10	10	0	30s	100	1	2302
r	491	552	0	10	10	0	30s	100	1	2302
r	528	522	0	10	10	0	30s	100	1	2302
r	518	511	0	10	10	0	30s	100	1	2302
r	496	496	0	10	10	0	30s	100	1	2302
r	481	475	0	10	10	0	30s	100	1	2302
r	513	511	0	10	10	0	30s	100	1	2302
r	556	518	0	10	10	0	30s	100	1	2302
r	542	497	0	10	10	0	30s	100	1	2302
r	477	504	0	10	10	0	30s	100	1	2302
r	506	532	0	10	10	0	30s	100	1	2302
r	526	544	0	10	10	0	30s	100	1	2302
r	557	538	0	10	10	0	30s	100	1	2302
r	573	527	0	10	10	0	30s	100	1	2302
r	614	526	0	10	10	0	30s	100	1	2302
r	639	536	0	10	10	0	30s	100	1	2302
r	600	523	0	10	10	0	30s	100	1	2302
r	595	553	0	10	10	0	30s	100	1	2302
r	626	558	0	10	10	0	30s	100	1	2302
r	655	548	0	10	10	0	30s	100	1	2302
r	662	541	0	10	10	0	30s	100	1	2302
r	671	573	0	10	10	0	30s	100	1	2302
r	681	554	0	10	10	0	30s	100	1	2302
r	627	545	0	10	10	0	30s	100	1	2302
r	616	564	0	10	10	0	30s	100	1	2302
r	650	556	0	10	10	0	30s	100	1	2302
r	600	514	0	10	10	0	30s	100	1	2302
r	575	514	0	10	10	0	30s	100	1	2302
r	544	510	0	10	10	0	30s	100	1	2302
r	524	495	0	10	10	0	30s	100	1	2302
r	501	511	0	10	10	0	30s	100	1	2302
r	494	510	0	10	10	0	30s	100	1	2302
r	483	483	0	10	10	0	30s	100	1	2302
r	464	468	0	10	10	0	30s	100	1	2302
r	443	452	0	10	10	0	30s	100	1	2302
r	425	432	0	10	10	0	30s	100	1	2302
r	419	431	0	10	10	0	30s	100	1	2302
r	451	459	0	10	10	0	30s	100	1	2302
r	488	500	0	10	10	0	30s	100	1	2302
r	472	530	0	10	10	0	30s	100	1	2302
r	505	577	0	10	10	0	30s	100	1	2302
r	482	599	0	10	10	0	30s	100	1	2302
r	469	586	0	10	10	0	30s	100	1	2302
r	453	618	0	10	10	0	30s	100	1	2302
r	448	673	0	10	10	0	30s	100	1	2302
r	443	682	0	10	10	0	30s	100	1	2302
r	546	724	0	10	10	0	30s	100	1	2302
r	546	754	0	10	10	0	30s	100	1	2302
r	576	785	0	10	10	0	30s	100	1	2302
r	525	790	0	10	10	0	30s	100	1	2302
r	480	764	0	10	10	0	30s	100	1	2302
r	519	762	0	10	10	0	30s	100	1	2302
r	277	1442	10	10	0	0	35s	100	1	2303
r	209	1414	10	10	0	0	35s	100	1	2303
r	199	1461	10	10	0	0	35s	100	1	2303
r	215	1523	10	10	0	0	35s	100	1	2303
r	275	1539	10	10	0	0	35s	100	1	2303
r	338	1497	10	10	0	0	35s	100	1	2303
r	283	1534	10	10	0	0	35s	100	1	2303
r	270	1519	10	10	0	0	35s	100	1	2303
r	278	1477	10	10	0	0	35s	100	1	2303
r	292	1498	10	10	0	0	35s	100	1	2303
r	331	1517	10	10	0	0	35s	100	1	2303
r	339	1616	10	10	0	0	35s	100	1	2303
r	383	1598	10	10	0	0	35s	100	1	2303
r	210	1497	10	10	0	0	35s	100	1	2303
r	204	1562	10	10	0	0	35s	100	1	2303
r	202	1614	10	10	0	0	35s	100	1	2303
r	237	1599	10	10	0	0	35s	100	1	2303
r	182	1564	10	10	0	0	35s	100	1	2303
r	189	1623	10	10	0	0	35s	100	1	2303
r	227	1656	10	10	0	0	35s	100	1	2303
r	243	1673	10	10	0	0	35s	100	1	2303
r	300	1732	10	10	0	0	35s	100	1	2303
r	330	1752	10	10	0	0	35s	100	1	2303
r	347	1710	10	10	0	0	35s	100	1	2303
r	329	1749	10	10	0	0	35s	100	1	2303
r	356	1769	10	10	0	0	35s	100	1	2303
r	299	1786	10	10	0	0	35s	100	1	2303
r	257	1771	10	10	0	0	35s	100	1	2303
r	296	1705	10	10	0	0	35s	100	1	2303
r	371	1665	10	10	0	0	35s	100	1	2303
r	508	1549	10	10	0	0	35s	100	1	2303
r	543	1630	10	10	0	0	35s	100	1	2303
r	584	1672	10	10	0	0	35s	100	1	2303
r	566	1709	10	10	0	0	35s	100	1	2303
r	570	1728	10	10	0	0	35s	100	1	2303
r	630	1783	10	10	0	0	35s	100	1	2303
r	642	1825	10	10	0	0	35s	100	1	2303
r	674	1862	10	10	0	0	35s	100	1	2303
r	681	1764	10	10	0	0	35s	100	1	2303
r	675	1763	10	10	0	0	35s	100	1	2303
r	661	1849	10	10	0	0	35s	100	1	2303
r	668	1877	10	10	0	0	35s	100	1	2303
r	664	1897	10	10	0	0	35s	100	1	2303
r	642	1877	10	10	0	0	35s	100	1	2303
r	591	1755	10	10	0	0	35s	100	1	2303
r	621	1711	10	10	0	0	35s	100	1	2303
r	572	1654	10	10	0	0	35s	100	1	2303
r	619	1616	10	10	0	0	35s	100	1	2303
r	637	1576	10	10	0	0	35s	100	1	2303
r	617	1558	10	10	0	0	35s	100	1	2303
r	543	1534	10	10	0	0	35s	100	1	2303
r	574	1530	10	10	0	0	35s	100	1	2303
r	575	1556	10	10	0	0	35s	100	1	2303
r	596	1552	10	10	0	0	35s	100	1	2303
r	646	1501	10	10	0	0	35s	100	1	2303
r	657	1444	10	10	0	0	35s	100	1	2303
r	638	1415	10	10	0	0	35s	100	1	2303
r	635	1446	10	10	0	0	35s	100	1	2303
r	640	1452	10	10	0	0	35s	100	1	2303
r	667	1419	10	10	0	0	35s	100	1	2303
r	666	1401	10	10	0	0	35s	100	1	2303
r	631	1390	10	10	0	0	35s	100	1	2303
r	606	1409	10	10	0	0	35s	100	1	2303
r	622	1419	10	10	0	0	35s	100	1	2303
r	514	1396	10	10	0	0	35s	100	1	2303
r	504	1382	10	10	0	0	35s	100	1	2303
r	464	1370	10	10	0	0	35s	100	1	2303
r	456	1418	10	10	0	0	35s	100	1	2303
r	464	1421	10	10	0	0	35s	100	1	2303
r	407	1419	10	10	0	0	35s	100	1	2303
r	415	1363	10	10	0	0	35s	100	1	2303
r	411	1331	10	10	0	0	35s	100	1	2303
r	471	1322	10	10	0	0	35s	100	1	2303
r	461	1300	10	10	0	0	35s	100	1	2303
r	443	1332	10	10	0	0	35s	100	1	2303
r	443	1335	10	10	0	0	35s	100	1	2303
r	442	1329	10	10	0	0	35s	100	1	2303
r	413	1303	10	10	0	0	35s	100	1	2303
r	431	1357	10	10	0	0	35s	100	1	2303
r	387	1363	10	10	0	0	35s	100	1	2303
r	402	1344	10	10	0	0	35s	100	1	2303
r	434	1313	10	10	0	0	35s	100	1	2303
r	457	1393	10	10	0	0	35s	100	1	2303
r	457	1396	10	10	0	0	35s	100	1	2303
r	454	1412	10	10	0	0	35s	100	1	2303
r	488	1356	10	10	0	0	35s	100	1	2303
r	485	1337	10	10	0	0	35s	100	1	2303
r	508	1371	10	10	0	0	35s	100	1	2303
r	674	1335	10	10	0	0	35s	100	1	2303
r	676	1301	10	10	0	0	35s	100	1	2303
r	673	1262	10	10	0	0	35s	100	1	2303
r	645	1225	10	10	0	0	35s	100	1	2303
r	612	1198	10	10	0	0	35s	100	1	2303
r	583	1176	10	10	0	0	35s	100	1	2303
r	564	1166	10	10	0	0	35s	100	1	2303
r	502	1151	10	10	0	0	35s	100	1	2303
r	443	1153	10	10	0	0	35s	100	1	2303
r	470	1177	10	10	0	0	35s	100	1	2303
r	478	1174	10	10	0	0	35s	100	1	2303
r	445	1135	10	10	0	0	35s	100	1	2303
r	437	1102	10	10	0	0	35s	100	1	2303
r	464	1096	10	10	0	0	35s	100	1	2303
r	436	1050	10	10	0	0	35s	100	1	2303
r	457	1065	10	10	0	0	35s	100	1	2303
r	419	1101	10	10	0	0	35s	100	1	2303
r	425	1061	10	10	0	0	35s	100	1	2303
r	484	1053	10	10	0	0	35s	100	1	2303
r	539	1051	10	10	0	0	35s	100	1	2303
r	583	1051	10	10	0	0	35s	100	1	2303
r	647	1037	10	10	0	0	35s	100	1	2303
r	509	1027	10	10	0	0	35s	100	1	2303
r	437	1030	10	10	0	0	35s	100	1	2303
r	548	1042	10	10	0	0	35s	100	1	2303
r	608	1036	10	10	0	0	35s	100	1	2303
r	280	1422	10	10	0	0	35s	100	1	2303
r	211	1393	10	10	0	0	35s	100	1	2303
r	215	1320	10	10	0	0	35s	100	1	2303
r	189	1284	10	10	0	0	35s	100	1	2303
r	162	1299	10	10	0	0	35s	100	1	2303
r	201	1369	10	10	0	0	35s	100	1	2303
r	224	1360	10	10	0	0	35s	100	1	2303
r	171	1497	10	10	0	0	35s	100	1	2303
r	205	1522	10	10	0	0	35s	100	1	2303
r	240	1609	10	10	0	0	35s	100	1	2303
r	255	1613	10	10	0	0	35s	100	1	2303
r	201	1551	10	10	0	0	35s	100	1	2303
r	264	1755	10	10	0	0	35s	100	1	2303
r	338	1789	10	10	0	0	35s	100	1	2303
r	294	1774	10	10	0	0	35s	100	1	2303
r	245	1778	10	10	0	0	35s	100	1	2303
r	297	1766	10	10	0	0	35s	100	1	2303
r	347	1771	10	10	0	0	35s	100	1	2303
r	322	1721	10	10	0	0	35s	100	1	2303
r	248	1703	10	10	0	0	35s	100	1	2303
r	246	1684	10	10	0	0	35s	100	1	2303
r	267	1620	10	10	0	0	35s	100	1	2303
r	277	1591	10	10	0	0	35s	100	1	2303
r	269	1585	10	10	0	0	35s	100	1	2303
r	358	1589	10	10	0	0	35s	100	1	2303
r	343	1563	10	10	0	0	35s	100	1	2303
r	317	1538	10	10	0	0	35s	100	1	2303
r	348	1544	10	10	0	0	35s	100	1	2303
r	291	1506	10	10	0	0	35s	100	1	2303
r	313	1530	10	10	0	0	35s	100	1	2303
r	327	1537	10	10	0	0	35s	100	1	2303
r	610	1704	10	10	0	0	35s	100	1	2303
r	569	1729	10	10	0	0	35s	100	1	2303
r	628	1762	10	10	0	0	35s	100	1	2303
r	615	1734	10	10	0	0	35s	100	1	2303
r	608	1743	10	10	0	0	35s	100	1	2303
r	668	1734	10	10	0	0	35s	100	1	2303
r	676	1817	10	10	0	0	35s	100	1	2303
r	685	1826	10	10	0	0	35s	100	1	2303
r	534	1547	10	10	0	0	35s	100	1	2303
r	511	1527	10	10	0	0	35s	100	1	2303
r	442	1499	10	10	0	0	35s	100	1	2303
r	467	1537	10	10	0	0	35s	100	1	2303
r	491	1514	10	10	0	0	35s	100	1	2303
r	409	1524	10	10	0	0	35s	100	1	2303
r	380	1529	10	10	0	0	35s	100	1	2303
r	385	1493	10	10	0	0	35s	100	1	2303
r	277	1515	10	10	0	0	35s	100	1	2303
r	263	1433	10	10	0	0	35s	100	1	2303
r	257	1412	10	10	0	0	35s	100	1	2303
r	223	1363	10	10	0	0	35s	100	1	2303
r	203	1285	10	10	0	0	35s	100	1	2303
r	195	1297	10	10	0	0	35s	100	1	2303
r	190	1302	10	10	0	0	35s	100	1	2303
r	202	1217	10	10	0	0	35s	100	1	2303
r	181	1191	10	10	0	0	35s	100	1	2303
r	195	1245	10	10	0	0	35s	100	1	2303
r	187	1219	10	10	0	0	35s	100	1	2303
r	212	1177	10	10	0	0	35s	100	1	2303
r	184	1210	10	10	0	0	35s	100	1	2303
r	193	1198	10	10	0	0	35s	100	1	2303
r	190	1152	10	10	0	0	35s	100	1	2303
r	183	1145	10	10	0	0	35s	100	1	2303
r	197	1144	10	10	0	0	35s	100	1	2303
r	144	1135	10	10	0	0	35s	100	1	2303
r	169	1179	10	10	0	0	35s	100	1	2303
r	176	1190	10	10	0	0	35s	100	1	2303
r	191	1087	10	10	0	0	35s	100	1	2304
r	147	1091	10	10	0	0	35s	100	1	2304
r	189	1095	10	10	0	0	35s	100	1	2304
r	168	1130	10	10	0	0	35s	100	1	2304
r	194	1109	10	10	0	0	35s	100	1	2304
r	194	1079	10	10	0	0	35s	100	1	2304
r	102	1021	10	10	0	0	35s	100	1	2304
r	186	1042	10	10	0	0	35s	100	1	2304
r	169	1013	10	10	0	0	35s	100	1	2304
r	149	998	10	10	0	0	35s	100	1	2304
r	163	1021	10	10	0	0	35s	100	1	2304
r	161	1027	10	10	0	0	35s	100	1	2304
r	144	1052	10	10	0	0	35s	100	1	2304
r	205	1039	10	10	0	0	35s	100	1	2304
r	172	955	10	10	0	0	35s	100	1	2304
r	145	940	10	10	0	0	35s	100	1	2304
r	189	945	10	10	0	0	35s	100	1	2304
r	134	964	10	10	0	0	35s	100	1	2304
r	181	989	10	10	0	0	35s	100	1	2304
r	182	962	10	10	0	0	35s	100	1	2304
r	171	955	10	10	0	0	35s	100	1	2304
r	177	964	10	10	0	0	35s	100	1	2304
r	107	894	10	10	0	0	35s	100	1	2304
r	206	899	10	10	0	0	35s	100	1	2304
r	182	907	10	10	0	0	35s	100	1	2304
r	155	922	10	10	0	0	35s	100	1	2304
r	167	916	10	10	0	0	35s	100	1	2304
r	175	908	10	10	0	0	35s	100	1	2304
r	169	882	10	10	0	0	35s	100	1	2304
r	177	917	10	10	0	0	35s	100	1	2304
r	172	885	10	10	0	0	35s	100	1	2304
r	147	858	10	10	0	0	35s	100	1	2304
r	120	891	10	10	0	0	35s	100	1	2304
r	142	869	10	10	0	0	35s	100	1	2304
r	141	846	10	10	0	0	35s	100	1	2304
r	145	850	10	10	0	0	35s	100	1	2304
r	122	919	10	10	0	0	35s	100	1	2304
r	126	956	10	10	0	0	35s	100	1	2304
r	116	993	10	10	0	0	35s	100	1	2304
r	164	1050	10	10	0	0	35s	100	1	2304
r	217	1056	10	10	0	0	35s	100	1	2304
r	216	990	10	10	0	0	35s	100	1	2304
r	208	963	10	10	0	0	35s	100	1	2304
r	203	912	10	10	0	0	35s	100	1	2304
r	198	880	10	10	0	0	35s	100	1	2304
r	199	992	10	10	0	0	35s	100	1	2304
r	192	967	10	10	0	0	35s	100	1	2304
r	170	905	10	10	0	0	35s	100	1	2304
r	153	957	10	10	0	0	35s	100	1	2304
r	165	942	10	10	0	0	35s	100	1	2304
r	181	843	10	10	0	0	35s	100	1	2304
r	192	784	10	10	0	0	35s	100	1	2304
r	215	739	10	10	0	0	35s	100	1	2304
r	211	773	10	10	0	0	35s	100	1	2304
r	204	842	10	10	0	0	35s	100	1	2304
r	211	909	10	10	0	0	35s	100	1	2304
r	208	818	10	10	0	0	35s	100	1	2304
r	202	774	10	10	0	0	35s	100	1	2304
r	179	844	10	10	0	0	35s	100	1	2304
r	165	829	10	10	0	0	35s	100	1	2304
r	165	786	10	10	0	0	35s	100	1	2304
r	141	841	10	10	0	0	35s	100	1	2304
r	151	809	10	10	0	0	35s	100	1	2304
r	181	748	10	10	0	0	35s	100	1	2304
r	192	722	10	10	0	0	35s	100	1	2304
r	217	766	10	10	0	0	35s	100	1	2304
r	231	820	10	10	0	0	35s	100	1	2304
r	228	825	10	10	0	0	35s	100	1	2304
r	211	821	10	10	0	0	35s	100	1	2304
r	184	769	10	10	0	0	35s	100	1	2304
r	184	820	10	10	0	0	35s	100	1	2304
r	190	810	10	10	0	0	35s	100	1	2304
r	208	782	10	10	0	0	35s	100	1	2304
r	221	782	10	10	0	0	35s	100	1	2304
r	176	728	10	10	0	0	35s	100	1	2304
r	211	749	10	10	0	0	35s	100	1	2304
r	224	743	10	10	0	0	35s	100	1	2304
r	198	695	10	10	0	0	35s	100	1	2304
r	184	676	10	10	0	0	35s	100	1	2304
r	214	689	10	10	0	0	35s	100	1	2304
r	221	681	10	10	0	0	35s	100	1	2304
r	248	652	10	10	0	0	35s	100	1	2304
r	230	659	10	10	0	0	35s	100	1	2304
r	246	591	10	10	0	0	35s	100	1	2304
r	217	562	10	10	0	0	35s	100	1	2304
r	243	550	10	10	0	0	35s	100	1	2304
r	245	528	10	10	0	0	35s	100	1	2304
r	248	506	10	10	0	0	35s	100	1	2304
r	214	518	10	10	0	0	35s	100	1	2304
r	178	535	10	10	0	0	35s	100	1	2304
r	163	506	10	10	0	0	35s	100	1	2304
r	158	523	10	10	0	0	35s	100	1	2304
r	156	546	10	10	0	0	35s	100	1	2304
r	160	542	10	10	0	0	35s	100	1	2304
r	147	532	10	10	0	0	35s	100	1	2304
r	146	533	10	10	0	0	35s	100	1	2304
r	144	585	10	10	0	0	35s	100	1	2304
r	162	594	10	10	0	0	35s	100	1	2304
r	160	646	10	10	0	0	35s	100	1	2304
r	171	669	10	10	0	0	35s	100	1	2304
r	188	662	10	10	0	0	35s	100	1	2304
r	184	625	10	10	0	0	35s	100	1	2304
r	165	623	10	10	0	0	35s	100	1	2304
r	196	625	10	10	0	0	35s	100	1	2304
r	171	569	10	10	0	0	35s	100	1	2304
r	167	583	10	10	0	0	35s	100	1	2304
r	195	620	10	10	0	0	35s	100	1	2304
r	193	609	10	10	0	0	35s	100	1	2304
r	191	594	10	10	0	0	35s	100	1	2304
r	222	603	10	10	0	0	35s	100	1	2304
r	236	639	10	10	0	0	35s	100	1	2304
r	208	665	10	10	0	0	35s	100	1	2304
r	221	630	10	10	0	0	35s	100	1	2304
r	208	620	10	10	0	0	35s	100	1	2304
r	220	676	10	10	0	0	35s	100	1	2304
r	224	722	10	10	0	0	35s	100	1	2304
r	213	740	10	10	0	0	35s	100	1	2304
r	199	660	10	10	0	0	35s	100	1	2304
r	226	576	10	10	0	0	35s	100	1	2304
r	192	522	10	10	0	0	35s	100	1	2304
r	193	602	10	10	0	0	35s	100	1	2304
r	198	574	10	10	0	0	35s	100	1	2304
r	198	556	10	10	0	0	35s	100	1	2304
r	200	532	10	10	0	0	35s	100	1	2304
r	211	500	10	10	0	0	35s	100	1	2304
r	219	492	10	10	0	0	35s	100	1	2304
r	219	504	10	10	0	0	35s	100	1	2304
r	231	507	10	10	0	0	35s	100	1	2304
r	246	462	10	10	0	0	35s	100	1	2304
r	668	799	10	10	0	0	35s	100	1	2304
r	664	828	10	10	0	0	35s	100	1	2304
r	664	826	10	10	0	0	35s	100	1	2304
r	634	777	10	10	0	0	35s	100	1	2304
r	636	770	10	10	0	0	35s	100	1	2304
r	665	830	10	10	0	0	35s	100	1	2304
r	684	832	10	10	0	0	35s	100	1	2304
r	685	745	10	10	0	0	35s	100	1	2304
r	705	814	10	10	0	0	35s	100	1	2304
r	717	774	10	10	0	0	35s	100	1	2304
r	703	714	10	10	0	0	35s	100	1	2304
r	661	771	10	10	0	0	35s	100	1	2304
r	672	815	10	10	0	0	35s	100	1	2304
r	702	792	10	10	0	0	35s	100	1	2304
r	715	795	10	10	0	0	35s	100	1	2304
r	728	683	10	10	0	0	35s	100	1	2304
r	685	668	10	10	0	0	35s	100	1	2304
r	708	743	10	10	0	0	35s	100	1	2304
r	718	758	10	10	0	0	35s	100	1	2304
r	710	682	10	10	0	0	35s	100	1	2304
r	695	650	10	10	0	0	35s	100	1	2304
r	699	628	10	10	0	0	35s	100	1	2304
r	703	658	10	10	0	0	35s	100	1	2304
r	717	614	10	10	0	0	35s	100	1	2304
r	731	580	10	10	0	0	35s	100	1	2304
r	740	576	10	10	0	0	35s	100	1	2304
r	728	646	10	10	0	0	35s	100	1	2304
r	708	678	10	10	0	0	35s	100	1	2304
r	726	735	10	10	0	0	35s	100	1	2304
r	753	636	10	10	0	0	35s	100	1	2304
r	753	633	10	10	0	0	35s	100	1	2304
r	738	675	10	10	0	0	35s	100	1	2304
r	752	727	10	10	0	0	35s	100	1	2304
r	756	748	10	10	0	0	35s	100	1	2304
r	735	803	10	10	0	0	35s	100	1	2304
r	720	824	10	10	0	0	35s	100	1	2304
r	706	854	10	10	0	0	35s	100	1	2304
r	675	838	10	10	0	0	35s	100	1	2304
r	693	819	10	10	0	0	35s	100	1	2304
r	723	744	10	10	0	0	35s	100	1	2304
r	737	693	10	10	0	0	35s	100	1	2304
r	738	651	10	10	0	0	35s	100	1	2304
r	691	598	10	10	0	0	35s	100	1	2304
r	675	598	10	10	0	0	35s	100	1	2304
r	714	687	10	10	0	0	35s	100	1	2304
r	688	714	10	10	0	0	35s	100	1	2304
r	549	800	10	10	0	0	35s	100	1	2304
r	544	763	10	10	0	0	35s	100	1	2304
r	528	721	10	10	0	0	35s	100	1	2304
r	497	702	10	10	0	0	35s	100	1	2304
r	480	701	10	10	0	0	35s	100	1	2304
r	471	635	10	10	0	0	35s	100	1	2304
r	513	588	10	10	0	0	35s	100	1	2304
r	509	571	10	10	0	0	35s	100	1	2304
r	490	601	10	10	0	0	35s	100	1	2304
r	493	625	10	10	0	0	35s	100	1	2304
r	477	658	10	10	0	0	35s	100	1	2304
r	439	655	10	10	0	0	35s	100	1	2304
r	472	597	10	10	0	0	35s	100	1	2304
r	489	551	10	10	0	0	35s	100	1	2304
r	501	523	10	10	0	0	35s	100	1	2304
r	579	537	10	10	0	0	35s	100	1	2304
r	579	544	10	10	0	0	35s	100	1	2304
r	654	526	10	10	0	0	35s	100	1	2304
r	642	575	10	10	0	0	35s	100	1	2304
r	614	544	10	10	0	0	35s	100	1	2304
r	506	515	10	10	0	0	35s	100	1	2304
r	487	456	10	10	0	0	35s	100	1	2304
r	432	451	10	10	0	0	35s	100	1	2304
r	428	452	10	10	0	0	35s	100	1	2304
r	209	567	10	10	0	0	35s	100	1	2304
r	196	662	10	10	0	0	35s	100	1	2304
r	203	663	10	10	0	0	35s	100	1	2304
r	190	683	10	10	0	0	35s	100	1	2304
r	724	605	10	10	0	0	35s	100	1	2304
r	728	575	10	10	0	0	35s	100	1	2304
r	749	535	10	10	0	0	35s	100	1	2304
r	751	567	10	10	0	0	35s	100	1	2304
r	735	577	10	10	0	0	35s	100	1	2304
r	727	585	10	10	0	0	35s	100	1	2304
r	694	681	10	10	0	0	35s	100	1	2304
r	694	669	10	10	0	0	35s	100	1	2304
r	717	615	10	10	0	0	35s	100	1	2304
r	750	580	10	10	0	0	35s	100	1	2304
r	747	592	10	10	0	0	35s	100	1	2304
r	751	657	10	10	0	0	35s	100	1	2304
r	713	779	10	10	0	0	35s	100	1	2304
r	437	743	10	10	0	0	35s	100	1	2304
r	504	662	10	10	0	0	35s	100	1	2304
r	486	625	10	10	0	0	35s	100	1	2304
r	495	527	10	10	0	0	35s	100	1	2304
r	484	649	10	10	0	0	35s	100	1	2304
r	467	724	10	10	0	0	35s	100	1	2304
r	467	751	10	10	0	0	35s	100	1	2304
r	547	797	10	10	0	0	35s	100	1	2304
r	588	820	10	10	0	0	35s	100	1	2304
r	538	835	10	10	0	0	35s	100	1	2304
r	483	826	10	10	0	0	35s	100	1	2304
r	482	809	10	10	0	0	35s	100	1	2304
r	573	826	10	10	0	0	35s	100	1	2304
r	601	818	10	10	0	0	35s	100	1	2304
r	494	799	10	10	0	0	35s	100	1	2304
r	463	750	10	10	0	0	35s	100	1	2304
r	423	696	10	10	0	0	35s	100	1	2304
r	585	1045	10	10	0	0	35s	100	1	2304
r	582	960	10	10	0	0	35s	100	1	2304
r	559	946	10	10	0	0	35s	100	1	2304
r	585	977	10	10	0	0	35s	100	1	2304
r	594	984	10	10	0	0	35s	100	1	2304
r	601	944	10	10	0	0	35s	100	1	2304
r	594	959	10	10	0	0	35s	100	1	2304
r	596	1003	10	10	0	0	35s	100	1	2304
r	607	1009	10	10	0	0	35s	100	1	2304
r	633	1035	10	10	0	0	35s	100	1	2304
r	650	1035	10	10	0	0	35s	100	1	2304
r	650	1001	10	10	0	0	35s	100	1	2304
r	670	960	10	10	0	0	35s	100	1	2304
r	687	982	10	10	0	0	35s	100	1	2304
r	690	982	10	10	0	0	35s	100	1	2304
r	727	911	10	10	0	0	35s	100	1	2304
r	705	899	10	10	0	0	35s	100	1	2304
r	701	915	10	10	0	0	35s	100	1	2304
r	711	938	10	10	0	0	35s	100	1	2304
r	679	949	10	10	0	0	35s	100	1	2304
r	607	943	10	10	0	0	35s	100	1	2304
r	691	937	10	10	0	0	35s	100	1	2304
r	743	929	10	10	0	0	35s	100	1	2304
r	715	947	10	10	0	0	35s	100	1	2304
r	699	988	10	10	0	0	35s	100	1	2304
r	679	1016	10	10	0	0	35s	100	1	2304
r	638	1022	10	10	0	0	35s	100	1	2304
r	706	992	10	10	0	0	35s	100	1	2304
r	627	1037	10	10	0	0	35s	100	1	2304
r	573	967	10	10	0	0	35s	100	1	2304
r	595	969	10	10	0	0	35s	100	1	2304
r	604	965	10	10	0	0	35s	100	1	2304
r	497	930	10	10	0	0	35s	100	1	2304
r	475	936	10	10	0	0	35s	100	1	2304
r	425	910	10	10	0	0	35s	100	1	2304
r	450	926	10	10	0	0	35s	100	1	2304
r	423	903	10	10	0	0	35s	100	1	2304
r	400	864	10	10	0	0	35s	100	1	2304
r	405	876	10	10	0	0	35s	100	1	2304
r	409	880	10	10	0	0	35s	100	1	2304
r	381	843	10	10	0	0	35s	100	1	2304
r	377	827	10	10	0	0	35s	100	1	2304
r	397	835	10	10	0	0	35s	100	1	2304
r	376	815	10	10	0	0	35s	100	1	2304
r	375	784	10	10	0	0	35s	100	1	2304
r	379	755	10	10	0	0	35s	100	1	2304
r	376	745	10	10	0	0	35s	100	1	2304
r	382	722	10	10	0	0	35s	100	1	2304
r	368	728	10	10	0	0	35s	100	1	2304
r	360	768	10	10	0	0	35s	100	1	2304
r	368	808	10	10	0	0	35s	100	1	2304
r	373	859	10	10	0	0	35s	100	1	2304
r	394	898	10	10	0	0	35s	100	1	2304
r	413	909	10	10	0	0	35s	100	1	2304
r	426	917	10	10	0	0	35s	100	1	2304
r	443	930	10	10	0	0	35s	100	1	2304
r	452	934	10	10	0	0	35s	100	1	2304
r	391	856	10	10	0	0	35s	100	1	2304
r	367	782	10	10	0	0	35s	100	1	2304
r	377	740	10	10	0	0	35s	100	1	2304
r	396	420	10	10	0	0	35s	100	1	2305
r	382	427	10	10	0	0	35s	100	1	2305
r	383	418	10	10	0	0	35s	100	1	2305
r	345	393	10	10	0	0	35s	100	1	2305
r	320	401	10	10	0	0	35s	100	1	2305
r	339	453	10	10	0	0	35s	100	1	2305
r	385	403	10	10	0	0	35s	100	1	2305
r	325	425	10	10	0	0	35s	100	1	2305
r	280	425	10	10	0	0	35s	100	1	2305
r	268	402	10	10	0	0	35s	100	1	2305
r	280	378	10	10	0	0	35s	100	1	2305
r	253	425	10	10	0	0	35s	100	1	2305
r	319	427	10	10	0	0	35s	100	1	2305
r	325	425	10	10	0	0	35s	100	1	2305
r	291	408	10	10	0	0	35s	100	1	2305
r	292	430	10	10	0	0	35s	100	1	2305
r	311	383	10	10	0	0	35s	100	1	2305
r	302	346	10	10	0	0	35s	100	1	2305
r	277	382	10	10	0	0	35s	100	1	2305
r	326	365	10	10	0	0	35s	100	1	2305
r	281	330	10	10	0	0	35s	100	1	2305
r	244	356	10	10	0	0	35s	100	1	2305
r	228	385	10	10	0	0	35s	100	1	2305
r	242	421	10	10	0	0	35s	100	1	2305
r	266	431	10	10	0	0	35s	100	1	2305
r	229	409	10	10	0	0	35s	100	1	2305
r	220	430	10	10	0	0	35s	100	1	2305
r	229	446	10	10	0	0	35s	100	1	2305
r	218	454	10	10	0	0	35s	100	1	2305
r	223	482	10	10	0	0	35s	100	1	2305
r	209	519	10	10	0	0	35s	100	1	2305
r	197	524	10	10	0	0	35s	100	1	2305
r	215	562	10	10	0	0	35s	100	1	2305
r	212	579	10	10	0	0	35s	100	1	2305
r	204	579	10	10	0	0	35s	100	1	2305
r	257	359	10	10	0	0	35s	100	1	2305
r	207	360	10	10	0	0	35s	100	1	2305
r	224	406	10	10	0	0	35s	100	1	2305
r	239	366	10	10	0	0	35s	100	1	2305
r	214	329	10	10	0	0	35s	100	1	2305
r	230	318	10	10	0	0	35s	100	1	2305
r	234	344	10	10	0	0	35s	100	1	2305
r	200	288	10	10	0	0	35s	100	1	2305
r	253	277	10	10	0	0	35s	100	1	2305
r	307	258	10	10	0	0	35s	100	1	2305
r	243	290	10	10	0	0	35s	100	1	2305
r	248	307	10	10	0	0	35s	100	1	2305
r	298	311	10	10	0	0	35s	100	1	2305
r	291	342	10	10	0	0	35s	100	1	2305
r	291	344	10	10	0	0	35s	100	1	2305
r	335	329	10	10	0	0	35s	100	1	2305
r	324	352	10	10	0	0	35s	100	1	2305
r	359	371	10	10	0	0	35s	100	1	2305
r	369	383	10	10	0	0	35s	100	1	2305
r	356	323	10	10	0	0	35s	100	1	2305
r	351	294	10	10	0	0	35s	100	1	2305
r	319	276	10	10	0	0	35s	100	1	2305
r	377	301	10	10	0	0	35s	100	1	2305
r	397	271	10	10	0	0	35s	100	1	2305
r	364	264	10	10	0	0	35s	100	1	2305
r	345	277	10	10	0	0	35s	100	1	2305
r	338	242	10	10	0	0	35s	100	1	2305
r	365	217	10	10	0	0	35s	100	1	2305
r	382	246	10	10	0	0	35s	100	1	2305
r	360	205	10	10	0	0	35s	100	1	2305
r	365	194	10	10	0	0	35s	100	1	2305
r	428	187	10	10	0	0	35s	100	1	2305
r	390	237	10	10	0	0	35s	100	1	2305
r	393	248	10	10	0	0	35s	100	1	2305
r	413	290	10	10	0	0	35s	100	1	2305
r	429	260	10	10	0	0	35s	100	1	2305
r	414	235	10	10	0	0	35s	100	1	2305
r	429	261	10	10	0	0	35s	100	1	2305
r	434	261	10	10	0	0	35s	100	1	2305
r	440	184	10	10	0	0	35s	100	1	2305
r	446	190	10	10	0	0	35s	100	1	2305
r	466	223	10	10	0	0	35s	100	1	2305
r	473	244	10	10	0	0	35s	100	1	2305
r	516	252	10	10	0	0	35s	100	1	2305
r	509	202	10	10	0	0	35s	100	1	2305
r	498	257	10	10	0	0	35s	100	1	2305
r	512	260	10	10	0	0	35s	100	1	2305
r	499	302	10	10	0	0	35s	100	1	2305
r	525	305	10	10	0	0	35s	100	1	2305
r	540	292	10	10	0	0	35s	100	1	2305
r	515	248	10	10	0	0	35s	100	1	2305
r	542	281	10	10	0	0	35s	100	1	2305
r	563	276	10	10	0	0	35s	100	1	2305
r	574	266	10	10	0	0	35s	100	1	2305
r	600	277	10	10	0	0	35s	100	1	2305
r	628	314	10	10	0	0	35s	100	1	2305
r	642	296	10	10	0	0	35s	100	1	2305
r	638	287	10	10	0	0	35s	100	1	2305
r	611	242	10	10	0	0	35s	100	1	2305
r	618	273	10	10	0	0	35s	100	1	2305
r	641	229	10	10	0	0	35s	100	1	2305
r	658	220	10	10	0	0	35s	100	1	2305
r	667	211	10	10	0	0	35s	100	1	2305
r	641	165	10	10	0	0	35s	100	1	2305
r	623	165	10	10	0	0	35s	100	1	2305
r	675	181	10	10	0	0	35s	100	1	2305
r	636	179	10	10	0	0	35s	100	1	2305
r	639	200	10	10	0	0	35s	100	1	2305
r	629	212	10	10	0	0	35s	100	1	2305
r	600	235	10	10	0	0	35s	100	1	2305
r	574	264	10	10	0	0	35s	100	1	2305
r	556	239	10	10	0	0	35s	100	1	2305
r	546	245	10	10	0	0	35s	100	1	2305
r	513	212	10	10	0	0	35s	100	1	2305
r	511	217	10	10	0	0	35s	100	1	2305
r	548	206	10	10	0	0	35s	100	1	2305
r	536	150	10	10	0	0	35s	100	1	2305
r	512	173	10	10	0	0	35s	100	1	2305
r	499	182	10	10	0	0	35s	100	1	2305
r	484	165	10	10	0	0	35s	100	1	2305
r	461	178	10	10	0	0	35s	100	1	2305
r	458	196	10	10	0	0	35s	100	1	2305
r	487	208	10	10	0	0	35s	100	1	2305
r	497	225	10	10	0	0	35s	100	1	2305
r	489	261	10	10	0	0	35s	100	1	2305
r	473	270	10	10	0	0	35s	100	1	2305
r	499	298	10	10	0	0	35s	100	1	2305
r	515	299	10	10	0	0	35s	100	1	2305
r	533	273	10	10	0	0	35s	100	1	2305
r	545	247	10	10	0	0	35s	100	1	2305
r	614	257	10	10	0	0	35s	100	1	2305
r	641	241	10	10	0	0	35s	100	1	2305
r	639	179	10	10	0	0	35s	100	1	2305
r	680	164	10	10	0	0	35s	100	1	2305
r	626	133	10	10	0	0	35s	100	1	2305
r	587	139	10	10	0	0	35s	100	1	2305
r	567	152	10	10	0	0	35s	100	1	2305
r	559	144	10	10	0	0	35s	100	1	2305
r	558	151	10	10	0	0	35s	100	1	2305
r	555	182	10	10	0	0	35s	100	1	2305
r	524	189	10	10	0	0	35s	100	1	2305
r	516	171	10	10	0	0	35s	100	1	2305
r	532	209	10	10	0	0	35s	100	1	2305
r	508	140	10	10	0	0	35s	100	1	2305
r	494	135	10	10	0	0	35s	100	1	2305
r	478	136	10	10	0	0	35s	100	1	2305
r	459	149	10	10	0	0	35s	100	1	2305
r	443	164	10	10	0	0	35s	100	1	2305
r	424	161	10	10	0	0	35s	100	1	2305
r	409	170	10	10	0	0	35s	100	1	2305
r	396	184	10	10	0	0	35s	100	1	2305
r	385	179	10	10	0	0	35s	100	1	2305
r	378	175	10	10	0	0	35s	100	1	2305
r	351	179	10	10	0	0	35s	100	1	2305
r	347	202	10	10	0	0	35s	100	1	2305
r	345	216	10	10	0	0	35s	100	1	2305
r	364	262	10	10	0	0	35s	100	1	2305
r	375	273	10	10	0	0	35s	100	1	2305
r	389	278	10	10	0	0	35s	100	1	2305
r	362	287	10	10	0	0	35s	100	1	2305
r	327	285	10	10	0	0	35s	100	1	2305
r	303	290	10	10	0	0	35s	100	1	2305
r	275	273	10	10	0	0	35s	100	1	2305
r	287	308	10	10	0	0	35s	100	1	2305
r	317	330	10	10	0	0	35s	100	1	2305
r	328	343	10	10	0	0	35s	100	1	2305
r	358	364	10	10	0	0	35s	100	1	2305
r	363	379	10	10	0	0	35s	100	1	2305
r	539	246	10	10	0	0	35s	100	1	2305
r	519	215	10	10	0	0	35s	100	1	2305
r	596	204	10	10	0	0	35s	100	1	2305
r	622	195	10	10	0	0	35s	100	1	2305
r	635	181	10	10	0	0	35s	100	1	2305
r	605	224	10	10	0	0	35s	100	1	2305
r	633	220	10	10	0	0	35s	100	1	2305
r	640	215	10	10	0	0	35s	100	1	2305
r	674	179	10	10	0	0	35s	100	1	2305
r	673	210	10	10	0	0	35s	100	1	2305
r	664	273	10	10	0	0	35s	100	1	2305
r	502	521	10	10	0	0	35s	100	1	2305
r	526	487	10	10	0	0	35s	100	1	2305
r	583	549	10	10	0	0	35s	100	1	2305
r	621	539	10	10	0	0	35s	100	1	2305
r	638	529	10	10	0	0	35s	100	1	2305
r	601	529	10	10	0	0	35s	100	1	2305
r	634	536	10	10	0	0	35s	100	1	2305
r	709	609	10	10	0	0	35s	100	1	2305
r	727	550	10	10	0	0	35s	100	1	2305
r	733	572	10	10	0	0	35s	100	1	2305
r	728	616	10	10	0	0	35s	100	1	2305
r	703	641	10	10	0	0	35s	100	1	2305
r	716	657	10	10	0	0	35s	100	1	2305
r	732	653	10	10	0	0	35s	100	1	2305
r	756	607	10	10	0	0	35s	100	1	2305
r	735	640	10	10	0	0	35s	100	1	2305
r	706	620	10	10	0	0	35s	100	1	2305
r	685	656	10	10	0	0	35s	100	1	2305
r	698	690	10	10	0	0	35s	100	1	2305
r	686	751	10	10	0	0	35s	100	1	2305
r	677	786	10	10	0	0	35s	100	1	2305
r	660	801	10	10	0	0	35s	100	1	2305
r	684	825	10	10	0	0	35s	100	1	2305
r	709	822	10	10	0	0	35s	100	1	2305
r	680	831	10	10	0	0	35s	100	1	2305
r	685	846	10	10	0	0	35s	100	1	2305
r	721	846	10	10	0	0	35s	100	1	2305
r	721	804	10	10	0	0	35s	100	1	2305
r	686	828	10	10	0	0	35s	100	1	2305
r	752	791	10	10	0	0	35s	100	1	2305
r	735	753	10	10	0	0	35s	100	1	2305
r	700	771	10	10	0	0	35s	100	1	2305
r	701	737	10	10	0	0	35s	100	1	2305
r	713	711	10	10	0	0	35s	100	1	2305
r	738	665	10	10	0	0	35s	100	1	2305
r	729	628	10	10	0	0	35s	100	1	2305
r	747	600	10	10	0	0	35s	100	1	2305
r	745	667	10	10	0	0	35s	100	1	2305
r	738	730	10	10	0	0	35s	100	1	2305
r	731	766	10	10	0	0	35s	100	1	2305
r	730	794	10	10	0	0	35s	100	1	2305
r	388	749	10	10	0	0	35s	100	1	2305
r	375	762	10	10	0	0	35s	100	1	2305
r	376	797	10	10	0	0	35s	100	1	2305
r	392	844	10	10	0	0	35s	100	1	2305
r	402	888	10	10	0	0	35s	100	1	2305
r	418	920	10	10	0	0	35s	100	1	2305
r	438	937	10	10	0	0	35s	100	1	2305
r	453	945	10	10	0	0	35s	100	1	2305
r	460	949	10	10	0	0	35s	100	1	2305
r	564	746	10	10	0	0	35s	100	1	2305
r	516	753	10	10	0	0	35s	100	1	2305
r	541	784	10	10	0	0	35s	100	1	2305
r	578	789	10	10	0	0	35s	100	1	2305
r	628	778	10	10	0	0	35s	100	1	2305
r	667	806	10	10	0	0	35s	100	1	2305
r	647	823	10	10	0	0	35s	100	1	2305
r	639	808	10	10	0	0	35s	100	1	2305
r	601	994	10	10	0	0	35s	100	1	2305
r	580	1033	10	10	0	0	35s	100	1	2305
r	609	1031	10	10	0	0	35s	100	1	2305
r	605	1039	10	10	0	0	35s	100	1	2305
r	588	1016	10	10	0	0	35s	100	1	2305
r	511	1042	10	10	0	0	35s	100	1	2305
r	476	1057	10	10	0	0	35s	100	1	2305
r	469	1054	10	10	0	0	35s	100	1	2305
r	454	1042	10	10	0	0	35s	100	1	2305
r	433	1103	10	10	0	0	35s	100	1	2305
r	471	1162	10	10	0	0	35s	100	1	2305
r	456	1163	10	10	0	0	35s	100	1	2305
r	502	1186	10	10	0	0	35s	100	1	2305
r	523	1167	10	10	0	0	35s	100	1	2305
r	485	1152	10	10	0	0	35s	100	1	2305
r	514	1167	10	10	0	0	35s	100	1	2305
r	582	1176	10	10	0	0	35s	100	1	2305
r	604	1204	10	10	0	0	35s	100	1	2305
r	644	1214	10	10	0	0	35s	100	1	2305
r	668	1249	10	10	0	0	35s	100	1	2305
r	685	1270	10	10	0	0	35s	100	1	2305
r	682	1266	10	10	0	0	35s	100	1	2305
r	681	1243	10	10	0	0	35s	100	1	2305
r	607	1194	10	10	0	0	35s	100	1	2305
r	591	1183	10	10	0	0	35s	100	1	2305
r	587	1182	10	10	0	0	35s	100	1	2305
r	656	1228	10	10	0	0	35s	100	1	2305
r	683	1262	10	10	0	0	35s	100	1	2305
r	689	1294	10	10	0	0	35s	100	1	2305
r	685	1315	10	10	0	0	35s	100	1	2305
r	674	1330	10	10	0	0	35s	100	1	2305
r	677	1363	10	10	0	0	35s	100	1	2305
r	656	1395	10	10	0	0	35s	100	1	2305
r	654	1405	10	10	0	0	35s	100	1	2305
r	635	1425	10	10	0	0	35s	100	1	2305
r	647	1441	10	10	0	0	35s	100	1	2305
r	577	1402	10	10	0	0	35s	100	1	2305
r	555	1385	10	10	0	0	35s	100	1	2305
r	565	1376	10	10	0	0	35s	100	1	2305
r	485	1340	10	10	0	0	35s	100	1	2305
r	481	1333	10	10	0	0	35s	100	1	2305
r	459	1269	10	10	0	0	35s	100	1	2305
r	458	1208	10	10	0	0	35s	100	1	2305
r	479	1175	10	10	0	0	35s	100	1	2305
r	484	1185	10	10	0	0	35s	100	1	2305
r	453	1211	10	10	0	0	35s	100	1	2305
r	441	1249	10	10	0	0	35s	100	1	2305
r	440	1270	10	10	0	0	35s	100	1	2305
r	441	1291	10	10	0	0	35s	100	1	2305
r	442	1231	10	10	0	0	35s	100	1	2305
r	443	1220	10	10	0	0	35s	100	1	2305
r	444	1257	10	10	0	0	35s	100	1	2305
r	442	1280	10	10	0	0	35s	100	1	2305
r	443	1215	10	10	0	0	35s	100	1	2305
r	191	1234	10	10	0	0	35s	100	1	2305
r	183	1168	10	10	0	0	35s	100	1	2305
r	186	1102	10	10	0	0	35s	100	1	2305
r	176	1026	10	10	0	0	35s	100	1	2305
r	177	994	10	10	0	0	35s	100	1	2305
r	172	920	10	10	0	0	35s	100	1	2305
r	169	909	10	10	0	0	35s	100	1	2305
r	487	528	10	10	0	0	35s	100	1	2305
r	602	1479	10	10	0	0	35s	100	1	2305
r	579	1450	10	10	0	0	35s	100	1	2305
r	550	1488	10	10	0	0	35s	100	1	2305
r	536	1507	10	10	0	0	35s	100	1	2305
r	455	1469	10	10	0	0	35s	100	1	2305
r	465	1443	10	10	0	0	35s	100	1	2305
r	483	1406	10	10	0	0	35s	100	1	2305
r	513	1393	10	10	0	0	35s	100	1	2305
r	541	1437	10	10	0	0	35s	100	1	2305
r	237	1396	10	10	0	0	35s	100	1	2305
r	204	1371	10	10	0	0	35s	100	1	2305
r	209	1291	10	10	0	0	35s	100	1	2305
r	206	1248	10	10	0	0	35s	100	1	2305
r	200	1197	10	10	0	0	35s	100	1	2305
r	203	1156	10	10	0	0	35s	100	1	2305
r	419	248	10	10	0	0	35s	100	1	2305
r	496	241	10	10	0	0	35s	100	1	2305
r	512	223	10	10	0	0	35s	100	1	2305
r	515	204	10	10	0	0	35s	100	1	2305
r	555	156	10	10	0	0	35s	100	1	2305
r	618	153	10	10	0	0	35s	100	1	2305
r	642	205	10	10	0	0	35s	100	1	2305
r	656	209	10	10	0	0	35s	100	1	2305
r	667	185	10	10	0	0	35s	100	1	2305
r	655	167	10	10	0	0	35s	100	1	2305
r	484	655	10	10	0	0	35s	100	1	2305
r	499	707	10	10	0	0	35s	100	1	2305
r	570	751	10	10	0	0	35s	100	1	2305
r	662	1920	10	10	0	0	35s	100	1	2305
r	641	1905	10	10	0	0	35s	100	1	2305
r	622	1874	10	10	0	0	35s	100	1	2305
r	608	1839	10	10	0	0	35s	100	1	2305
r	628	1836	10	10	0	0	35s	100	1	2305
r	188	1455	10	10	0	0	35s	100	1	2305
r	173	1420	10	10	0	0	35s	100	1	2305
r	187	1333	10	10	0	0	35s	100	1	2305
